dataset,frame_id,epsilon_strict,min_support_strict,inlier_ratio_strict,residual_strict,epsilon_standard,min_support_standard,inlier_ratio_standard,residual_standard,epsilon_loose,min_support_loose,inlier_ratio_loose,residual_loose,epsilon_rl,min_support_rl,inlier_ratio_rl,residual_rl,epsilon_rl_v2_reward,min_support_rl_v2_reward,inlier_ratio_rl_v2_reward,residual_rl_v2_reward,winner
SeasonalForestSpring,000000_lcam_front_lidar.ply,0.10002,799,0.04393,0.0987,0.15001,500,0.02566,0.13462,0.25,200,0.00231,0.10698,0.25,800,0.1605,0.16211,0.25,800,0.16931,0.21538,rl_v2_reward
SeasonalForestSpring,000001_lcam_front_lidar.ply,0.10002,799,0.03816,0.09456,0.15001,500,0.04942,0.16387,0.25,200,0.41868,0.22704,0.25,800,0.15894,0.17252,0.25,800,0.15737,0.17861,loose
SeasonalForestSpring,000002_lcam_front_lidar.ply,0.10002,799,0.2065,0.10453,0.15001,500,0.02422,0.10758,0.25,200,0.01483,0.08252,0.25,800,0.14506,0.17111,0.25,800,0.14882,0.19354,strict
SeasonalForestSpring,000003_lcam_front_lidar.ply,0.10002,799,0.19695,0.10839,0.15001,500,0.02502,0.1094,0.25,200,0.00969,0.07331,0.25,800,0.15895,0.16231,0.25,800,0.15865,0.15843,strict
SeasonalForestSpring,000004_lcam_front_lidar.ply,0.10002,799,0.0383,0.09549,0.15001,500,0.03934,0.15532,0.25,200,0.00557,0.01629,0.25,800,0.16538,0.1882,0.25,800,0.16619,0.16865,rl_v2_reward
SeasonalForestSpring,000005_lcam_front_lidar.ply,0.10002,799,0.04804,0.11568,0.15001,500,0.0026,0.004,0.25,200,0.03453,0.17975,0.25,800,0.16322,0.17327,0.25,800,0.16529,0.18706,rl_v2_reward
SeasonalForestSpring,000006_lcam_front_lidar.ply,0.10002,799,0.08954,0.10351,0.15001,500,0.03977,0.16533,0.25,200,0.01633,0.09928,0.25,800,0.16598,0.18547,0.25,800,0.16975,0.20092,rl_v2_reward
SeasonalForestSpring,000007_lcam_front_lidar.ply,0.10002,799,0.17947,0.12434,0.15001,500,0.03756,0.15176,0.25,200,0.37048,0.25191,0.25,800,0.17464,0.2038,0.25,800,0.17337,0.20374,loose
SeasonalForestSpring,000008_lcam_front_lidar.ply,0.10002,799,0.16996,0.11558,0.15001,500,0.04693,0.16943,0.25,200,0.00702,0.05748,0.25,800,0.1676,0.18807,0.25,800,0.17646,0.20741,rl_v2_reward
SeasonalForestSpring,000009_lcam_front_lidar.ply,0.10002,799,0.0825,0.1223,0.15001,500,0.04231,0.18178,0.25,200,0.00702,0.06792,0.25,800,0.19096,0.20982,0.25,800,0.18912,0.214,rl
SeasonalForestSpring,000010_lcam_front_lidar.ply,0.10002,799,0.13235,0.10547,0.15001,500,0.04197,0.19665,0.25,200,0.35641,0.27154,0.25,800,0.1889,0.21367,0.25,800,0.18597,0.21026,loose
SeasonalForestSpring,000011_lcam_front_lidar.ply,0.10002,799,0.12559,0.10851,0.15001,500,0.0344,0.1666,0.25,200,0.06904,0.27136,0.25,800,0.1918,0.2278,0.25,800,0.19155,0.22646,rl
SeasonalForestSpring,000012_lcam_front_lidar.ply,0.10002,799,0.16418,0.12029,0.15001,500,0.05333,0.17615,0.25,200,0.08473,0.3159,0.25,800,0.19963,0.23503,0.25,800,0.19411,0.2239,rl
SeasonalForestSpring,000013_lcam_front_lidar.ply,0.10002,799,0.03759,0.05221,0.15001,500,0.05247,0.16667,0.25,200,0.00292,0.3091,0.25,800,0.18292,0.20936,0.25,800,0.18452,0.21926,rl_v2_reward
SeasonalForestSpring,000014_lcam_front_lidar.ply,0.10002,799,0.03638,0.10418,0.15001,500,0.04024,0.14401,0.25,200,0.00227,0.40151,0.25,800,0.19464,0.2222,0.25,800,0.19212,0.21539,rl
SeasonalForestSpring,000015_lcam_front_lidar.ply,0.10002,799,0.04335,0.12279,0.15001,500,0.04201,0.15714,0.25,200,0.00816,0.16795,0.25,800,0.19102,0.21119,0.25,800,0.19075,0.21062,rl
SeasonalForestSpring,000016_lcam_front_lidar.ply,0.10002,799,0.06779,0.09159,0.15001,500,0.04152,0.17579,0.25,200,0.09164,0.2562,0.25,800,0.19367,0.21627,0.25,800,0.19416,0.21777,rl_v2_reward
SeasonalForestSpring,000017_lcam_front_lidar.ply,0.10002,799,0.01924,0.09519,0.15001,500,0.02277,0.08757,0.25,200,0.00135,0.30282,0.2,800,0.16961,0.17088,0.2,800,0.16804,0.17093,rl
SeasonalForestSpring,000018_lcam_front_lidar.ply,0.10002,799,0.03179,0.12317,0.15001,500,0.04294,0.17695,0.25,200,0.00087,0.00257,0.2,800,0.16451,0.1732,0.2,800,0.18061,0.17818,rl_v2_reward
SeasonalForestSpring,000019_lcam_front_lidar.ply,0.10002,799,0.02002,0.10601,0.15001,500,0.0258,0.14615,0.25,200,0.00948,0.03771,0.2,800,0.16039,0.14575,0.2,800,0.16217,0.15502,rl_v2_reward
SeasonalForestSpring,000020_lcam_front_lidar.ply,0.10002,799,0.07908,0.13648,0.15001,500,0.00221,0.00193,0.25,200,0.01106,0.02943,0.2,800,0.15999,0.15347,0.2,800,0.16484,0.16278,rl_v2_reward
SeasonalForestSpring,000021_lcam_front_lidar.ply,0.10002,799,0.05539,0.0997,0.15001,500,0.00319,0.00325,0.25,200,0.00676,0.2241,0.2,800,0.14111,0.13444,0.2,800,0.14215,0.13845,rl_v2_reward
SeasonalForestSpring,000022_lcam_front_lidar.ply,0.10002,799,0.07467,0.09388,0.15001,500,0.00049,0.00028,0.25,200,0.01043,0.17486,0.2,800,0.13711,0.13751,0.2,800,0.1375,0.13789,rl_v2_reward
SeasonalForestSpring,000023_lcam_front_lidar.ply,0.10002,799,0.02876,0.04679,0.15001,500,0.01354,0.0666,0.25,200,0.42481,0.30764,0.2,800,0.00373,0.04874,0.25,800,0.1486,0.16571,loose
SeasonalForestSpring,000024_lcam_front_lidar.ply,0.10002,799,0.04634,0.06721,0.15001,500,0.0726,0.1629,0.25,200,0.00893,0.21709,0.2,800,0.13305,0.16121,0.25,800,0.14444,0.18298,rl_v2_reward
SeasonalForestSpring,000025_lcam_front_lidar.ply,0.10002,799,0.03434,0.04589,0.15001,500,0.02533,0.1295,0.25,200,0.01809,0.14707,0.2,800,0.14667,0.16604,0.25,800,0.14825,0.18315,rl_v2_reward
SeasonalForestSpring,000026_lcam_front_lidar.ply,0.10002,799,0.05596,0.09965,0.15001,500,0.01624,0.0585,0.25,200,0.01128,0.28316,0.2,800,0.12655,0.17735,0.25,800,0.13581,0.21223,rl_v2_reward
SeasonalForestSpring,000027_lcam_front_lidar.ply,0.10002,799,0.05241,0.09756,0.15001,500,0.00519,0.10521,0.25,200,0.01385,0.13482,0.2,800,0.1232,0.1913,0.25,800,0.12741,0.21209,rl_v2_reward
SeasonalForestSpring,000028_lcam_front_lidar.ply,0.10002,799,0.01973,0.10741,0.15001,500,0.0208,0.13629,0.25,200,0.01139,0.11976,0.2,800,0.11747,0.16998,0.25,800,0.12422,0.19972,rl_v2_reward
SeasonalForestSpring,000029_lcam_front_lidar.ply,0.10002,799,0.05773,0.10354,0.15001,500,0.00894,0.12766,0.25,200,0.01415,0.12795,0.2,800,0.11173,0.17672,0.25,800,0.11906,0.20754,rl_v2_reward
SeasonalForestSpring,000030_lcam_front_lidar.ply,0.10002,799,0.02196,0.10731,0.15001,500,0.22523,0.19685,0.25,200,0.0108,0.14062,0.2,800,0.09688,0.17027,0.25,800,0.10551,0.20616,standard
SeasonalForestSpring,000031_lcam_front_lidar.ply,0.10002,799,0.05133,0.09457,0.15001,500,0.01755,0.11421,0.25,200,0.021,0.24917,0.2,800,0.09236,0.15649,0.25,800,0.10173,0.19997,rl_v2_reward
SeasonalForestSpring,000032_lcam_front_lidar.ply,0.10002,799,0.07094,0.14327,0.15001,500,0.01738,0.12175,0.25,200,0.01705,0.13758,0.2,800,0.09502,0.17675,0.25,800,0.10158,0.20698,rl_v2_reward
SeasonalForestSpring,000033_lcam_front_lidar.ply,0.10002,799,0.12925,0.13646,0.15001,500,0.02036,0.14968,0.25,200,0.00069,0.00371,0.25,800,0.08211,0.20361,0.25,800,0.08516,0.21167,strict
SeasonalForestSpring,000034_lcam_front_lidar.ply,0.10002,799,0.01983,0.11929,0.15001,500,0.03962,0.12373,0.25,200,0.0156,0.28431,0.25,800,0.13098,0.23477,0.25,800,0.12961,0.22938,rl
SeasonalForestSpring,000035_lcam_front_lidar.ply,0.10002,799,0.04937,0.11959,0.15001,500,0.04299,0.11785,0.25,200,0.02571,0.13684,0.25,800,0.04628,0.14927,0.25,800,0.13765,0.20196,rl_v2_reward
SeasonalForestSpring,000036_lcam_front_lidar.ply,0.10002,799,0.04962,0.12247,0.15001,500,0.03831,0.11404,0.25,200,0.00514,0.13411,0.25,800,0.14871,0.21299,0.25,800,0.04184,0.13122,rl
SeasonalForestSpring,000037_lcam_front_lidar.ply,0.10002,799,0.03258,0.09508,0.15001,500,0.04106,0.11969,0.25,200,0.0437,0.17416,0.25,800,0.14688,0.19325,0.25,800,0.04,0.13836,rl
SeasonalForestSpring,000038_lcam_front_lidar.ply,0.10002,799,0.03084,0.10006,0.15001,500,0.03821,0.12192,0.25,200,0.08204,0.23291,0.25,800,0.15987,0.17551,0.25,800,0.04121,0.13871,rl
SeasonalForestSpring,000039_lcam_front_lidar.ply,0.10002,799,0.16439,0.09526,0.15001,500,0.031,0.11373,0.25,200,0.09517,0.23251,0.25,800,0.1522,0.16475,0.25,800,0.15717,0.16803,strict
SeasonalForestSpring,000040_lcam_front_lidar.ply,0.10002,799,0.1786,0.09636,0.15001,500,0.04171,0.15728,0.25,200,0.02743,0.17546,0.2,800,0.17815,0.14311,0.25,800,0.19566,0.17911,rl_v2_reward
SeasonalForestSpring,000041_lcam_front_lidar.ply,0.10002,799,0.15338,0.09196,0.15001,500,0.0468,0.1517,0.25,200,0.06652,0.24632,0.25,800,0.17479,0.1855,0.25,800,0.17806,0.1866,rl_v2_reward
SeasonalForestSpring,000042_lcam_front_lidar.ply,0.10002,799,0.12752,0.10443,0.15001,500,0.02988,0.11008,0.25,200,0.00676,0.12284,0.25,800,0.19333,0.16975,0.25,800,0.19008,0.17841,rl
SeasonalForestSpring,000043_lcam_front_lidar.ply,0.10002,799,0.18462,0.08392,0.15001,500,0.00417,0.01116,0.25,200,0.04194,0.23,0.25,800,0.20725,0.1653,0.25,800,0.20766,0.1703,rl_v2_reward
SeasonalForestSpring,000044_lcam_front_lidar.ply,0.10002,799,0.19324,0.07908,0.15001,500,0.02616,0.12106,0.25,200,0.03513,0.25148,0.25,800,0.21462,0.17019,0.25,800,0.21595,0.15759,rl_v2_reward
SeasonalForestSpring,000045_lcam_front_lidar.ply,0.10002,799,0.19793,0.08322,0.15001,500,0.01957,0.10366,0.25,200,0.01297,0.15719,0.25,800,0.22544,0.17448,0.25,800,0.22684,0.17798,rl_v2_reward
SeasonalForestSpring,000046_lcam_front_lidar.ply,0.10002,799,0.1983,0.0831,0.15001,500,0.02394,0.19196,0.25,200,0.0052,0.10474,0.25,800,0.2364,0.19335,0.25,800,0.22981,0.18733,rl
SeasonalForestSpring,000047_lcam_front_lidar.ply,0.10002,799,0.22762,0.09207,0.15001,500,0.31345,0.123,0.25,200,0.00341,0.04078,0.25,800,0.22774,0.17824,0.25,800,0.23672,0.18282,standard
SeasonalForestSpring,000048_lcam_front_lidar.ply,0.10002,799,0.23831,0.08766,0.15001,500,0.32084,0.12045,0.25,200,0.00795,0.07172,0.25,800,0.24765,0.17884,0.25,800,0.24947,0.18318,standard
SeasonalForestSpring,000049_lcam_front_lidar.ply,0.10002,799,0.23115,0.08858,0.15001,500,0.01932,0.11812,0.25,200,0.0154,0.13892,0.25,800,0.23919,0.17886,0.25,800,0.241,0.19148,rl_v2_reward
SeasonalForestSpring,000050_lcam_front_lidar.ply,0.10002,799,0.22765,0.08571,0.15001,500,0.00188,0.00252,0.25,200,0.01624,0.16087,0.25,800,0.24708,0.19456,0.25,800,0.24652,0.1894,rl
SeasonalForestSpring,000051_lcam_front_lidar.ply,0.10002,799,0.2355,0.08184,0.15001,500,0.02631,0.19737,0.25,200,0.00636,0.15717,0.25,800,0.23789,0.19229,0.25,800,0.23088,0.17869,rl
SeasonalForestSpring,000052_lcam_front_lidar.ply,0.10002,799,0.00379,0.02271,0.15001,500,0.31625,0.11695,0.25,200,0.01196,0.25737,0.25,800,0.2397,0.18435,0.25,800,0.2405,0.18237,standard
SeasonalForestSpring,000053_lcam_front_lidar.ply,0.10002,799,0.22086,0.08079,0.15001,500,0.01724,0.14402,0.25,200,0.00951,0.13941,0.25,800,0.2283,0.1905,0.25,800,0.23389,0.19077,rl_v2_reward
SeasonalForestSpring,000054_lcam_front_lidar.ply,0.10002,799,0.21211,0.07665,0.15001,500,0.30708,0.09796,0.25,200,0.01624,0.17962,0.25,800,0.22552,0.17731,0.25,800,0.22405,0.17575,standard
SeasonalForestSpring,000055_lcam_front_lidar.ply,0.10002,799,0.20903,0.07842,0.15001,500,0.30775,0.09706,0.25,200,0.0066,0.13197,0.25,800,0.22476,0.18096,0.25,800,0.22382,0.17845,standard
SeasonalForestSpring,000056_lcam_front_lidar.ply,0.10002,799,0.18959,0.06917,0.15001,500,0.29505,0.09772,0.25,200,0.00585,0.18867,0.25,800,0.21961,0.17513,0.25,800,0.23219,0.18649,standard
SeasonalForestSpring,000057_lcam_front_lidar.ply,0.10002,799,0.18702,0.06795,0.15001,500,0.28,0.09308,0.25,200,0.00198,0.01532,0.25,800,0.21875,0.17293,0.25,800,0.21784,0.17021,standard
SeasonalForestSpring,000058_lcam_front_lidar.ply,0.10002,799,0.18496,0.06301,0.15001,500,0.27496,0.08713,0.25,200,0.35011,0.16016,0.25,800,0.20716,0.17207,0.25,800,0.1819,0.14319,loose
SeasonalForestSpring,000059_lcam_front_lidar.ply,0.10002,799,0.16147,0.07553,0.15001,500,0.01323,0.10639,0.25,200,0.00963,0.09794,0.25,800,0.21212,0.17253,0.25,800,0.21152,0.18324,rl
SeasonalForestSpring,000060_lcam_front_lidar.ply,0.10002,799,0.11361,0.07472,0.15001,500,0.00499,0.0719,0.25,200,0.01556,0.1293,0.25,800,0.22215,0.19215,0.25,800,0.21615,0.18192,rl
SeasonalForestSpring,000061_lcam_front_lidar.ply,0.10002,799,0.02687,0.04269,0.15001,500,0.32758,0.13772,0.25,200,0.0144,0.10661,0.25,800,0.22049,0.20283,0.25,800,0.22211,0.20358,standard
SeasonalForestSpring,000062_lcam_front_lidar.ply,0.10002,799,0.11826,0.06274,0.15001,500,0.00577,0.19097,0.25,200,0.0048,0.03416,0.25,800,0.22796,0.19473,0.25,800,0.22338,0.19291,rl
SeasonalForestSpring,000063_lcam_front_lidar.ply,0.10002,799,0.00211,0.00066,0.15001,500,0.01994,0.15273,0.25,200,0.03917,0.21746,0.25,800,0.22264,0.20805,0.25,800,0.21759,0.19516,rl
SeasonalForestSpring,000064_lcam_front_lidar.ply,0.10002,799,0.03257,0.06143,0.15001,500,0.01288,0.13652,0.25,200,0.02843,0.21182,0.25,800,0.21753,0.19353,0.25,800,0.21142,0.18823,rl
SeasonalForestSpring,000065_lcam_front_lidar.ply,0.10002,799,0.01223,0.05744,0.15001,500,0.00453,0.00703,0.25,200,0.00411,0.03094,0.25,800,0.21109,0.1907,0.25,800,0.2074,0.18169,rl
SeasonalForestSpring,000066_lcam_front_lidar.ply,0.10002,799,0.03198,0.09075,0.15001,500,0.0056,0.05298,0.25,200,0.01106,0.18081,0.25,800,0.20762,0.19909,0.25,800,0.2061,0.19588,rl
SeasonalForestSpring,000067_lcam_front_lidar.ply,0.10002,799,0.04169,0.09103,0.15001,500,0.01207,0.07192,0.25,200,0.00825,0.13579,0.25,800,0.21096,0.19688,0.25,800,0.20899,0.19653,rl
SeasonalForestSpring,000068_lcam_front_lidar.ply,0.10002,799,0.10881,0.08804,0.15001,500,0.01203,0.1248,0.25,200,0.00518,0.05614,0.25,800,0.2027,0.18854,0.25,800,0.1864,0.16395,rl
SeasonalForestSpring,000069_lcam_front_lidar.ply,0.10002,799,0.07957,0.09801,0.15001,500,0.00675,0.02798,0.25,200,0.00721,0.09447,0.25,800,0.17505,0.15853,0.2,800,0.17062,0.15388,rl
SeasonalForestSpring,000070_lcam_front_lidar.ply,0.10002,799,0.08757,0.09728,0.15001,500,0.00871,0.03141,0.25,200,0.00626,0.04798,0.25,800,0.17107,0.16178,0.25,800,0.17103,0.16281,rl
SeasonalForestSpring,000071_lcam_front_lidar.ply,0.10002,799,0.04646,0.12173,0.15001,500,0.00306,0.01153,0.25,200,0.04783,0.24591,0.25,800,0.17197,0.16462,0.25,800,0.17473,0.1788,rl_v2_reward
SeasonalForestSpring,000072_lcam_front_lidar.ply,0.10002,799,0.04222,0.10349,0.15001,500,0.00464,0.01577,0.25,200,0.03093,0.20394,0.25,800,0.16041,0.14909,0.25,800,0.15904,0.1454,rl
SeasonalForestSpring,000073_lcam_front_lidar.ply,0.10002,799,0.2117,0.1108,0.15001,500,0.00385,0.07347,0.25,200,0.01759,0.13139,0.25,800,0.1742,0.1751,0.25,800,0.18177,0.18205,strict
SeasonalForestSpring,000074_lcam_front_lidar.ply,0.10002,799,0.00295,0.11627,0.15001,500,0.00406,0.01836,0.25,200,0.02026,0.15379,0.25,800,0.16072,0.17373,0.25,800,0.15985,0.17072,rl
SeasonalForestSpring,000075_lcam_front_lidar.ply,0.10002,799,0.21552,0.1192,0.15001,500,0.02058,0.13483,0.25,200,0.01895,0.23079,0.25,800,0.16443,0.17594,0.25,800,0.1709,0.17733,strict
SeasonalForestSpring,000076_lcam_front_lidar.ply,0.10002,799,0.21326,0.10598,0.15001,500,0.03336,0.13213,0.25,200,0.04819,0.26641,0.25,800,0.15969,0.17199,0.25,800,0.15559,0.17348,strict
SeasonalForestSpring,000077_lcam_front_lidar.ply,0.10002,799,0.21194,0.11423,0.15001,500,0.02,0.15777,0.25,200,0.00593,0.07144,0.25,800,0.16292,0.18038,0.25,800,0.16288,0.17834,strict
SeasonalForestSpring,000078_lcam_front_lidar.ply,0.10002,799,0.21847,0.10721,0.15001,500,0.30318,0.1424,0.25,200,0.059,0.27862,0.25,800,0.16069,0.18616,0.25,800,0.16011,0.18598,standard
SeasonalForestSpring,000079_lcam_front_lidar.ply,0.10002,799,0.22006,0.10178,0.15001,500,0.04738,0.17701,0.25,200,0.04049,0.23346,0.25,800,0.16249,0.1889,0.25,800,0.16408,0.19197,strict
SeasonalForestSpring,000080_lcam_front_lidar.ply,0.10002,799,0.19108,0.09424,0.15001,500,0.04994,0.18173,0.25,200,0.00621,0.07027,0.25,800,0.15983,0.18242,0.25,800,0.16993,0.18636,strict
SeasonalForestSpring,000081_lcam_front_lidar.ply,0.10002,799,0.20947,0.10326,0.15001,500,0.04163,0.17136,0.25,200,0.00481,0.03301,0.25,800,0.17279,0.19526,0.25,800,0.17676,0.20166,strict
SeasonalForestSpring,000082_lcam_front_lidar.ply,0.10002,799,0.19346,0.09968,0.15001,500,0.05092,0.19175,0.25,200,0.00156,0.27253,0.25,800,0.16266,0.19447,0.25,800,0.16298,0.19359,strict
SeasonalForestSpring,000083_lcam_front_lidar.ply,0.10002,799,0.16899,0.11222,0.15001,500,0.05119,0.19202,0.25,200,0.00167,0.00233,0.2,800,0.14181,0.14226,0.25,800,0.15608,0.19818,strict
SeasonalForestSpring,000084_lcam_front_lidar.ply,0.10002,799,0.2061,0.10747,0.15001,500,0.02134,0.15965,0.25,200,0.00226,0.0308,0.2,800,0.14355,0.1394,0.25,800,0.1553,0.19028,strict
SeasonalForestSpring,000085_lcam_front_lidar.ply,0.10002,799,0.18469,0.10606,0.15001,500,0.05018,0.1799,0.25,200,0.02162,0.2533,0.2,800,0.14822,0.1635,0.25,800,0.15403,0.18754,strict
SeasonalForestSpring,000086_lcam_front_lidar.ply,0.10002,799,0.16404,0.08848,0.15001,500,0.04728,0.19469,0.25,200,0.0364,0.29249,0.2,800,0.14478,0.13787,0.25,800,0.15015,0.16079,strict
SeasonalForestSpring,000087_lcam_front_lidar.ply,0.10002,799,0.15364,0.10917,0.15001,500,0.04699,0.20445,0.25,200,0.00243,0.0408,0.2,800,0.14454,0.14422,0.25,800,0.15465,0.18108,rl_v2_reward
SeasonalForestSpring,000088_lcam_front_lidar.ply,0.10002,799,0.02035,0.11316,0.15001,500,0.02853,0.1247,0.25,200,0.00618,0.34415,0.2,800,0.15271,0.14715,0.2,800,0.1533,0.14976,rl_v2_reward
SeasonalForestSpring,000089_lcam_front_lidar.ply,0.10002,799,0.11901,0.07429,0.15001,500,0.02649,0.19889,0.25,200,0.01107,0.12647,0.2,800,0.14334,0.15625,0.25,800,0.15729,0.20177,rl_v2_reward
SeasonalForestSpring,000090_lcam_front_lidar.ply,0.10002,799,0.00301,0.00143,0.15001,500,0.0351,0.16833,0.25,200,0.00148,0.15511,0.2,800,0.15615,0.16255,0.25,800,0.16647,0.19109,rl_v2_reward
SeasonalForestSpring,000091_lcam_front_lidar.ply,0.10002,799,0.03755,0.07058,0.15001,500,0.03239,0.2082,0.25,200,0.06539,0.19182,0.2,800,0.14222,0.16509,0.25,800,0.15224,0.20753,rl_v2_reward
SeasonalForestSpring,000092_lcam_front_lidar.ply,0.10002,799,0.18643,0.10019,0.15001,500,0.03296,0.18917,0.25,200,0.00862,0.14456,0.2,800,0.15808,0.16001,0.25,800,0.16716,0.18925,strict
SeasonalForestSpring,000093_lcam_front_lidar.ply,0.10002,799,0.14469,0.08782,0.15001,500,0.03208,0.17124,0.25,200,0.00255,0.14083,0.2,800,0.15495,0.15291,0.25,800,0.16327,0.181,rl_v2_reward
SeasonalForestSpring,000094_lcam_front_lidar.ply,0.10002,799,0.05374,0.08678,0.15001,500,0.02883,0.17139,0.25,200,0.04776,0.30146,0.2,800,0.14317,0.15113,0.2,800,0.14398,0.15245,rl_v2_reward
SeasonalForestSpring,000095_lcam_front_lidar.ply,0.10002,799,0.16434,0.09429,0.15001,500,0.02941,0.17467,0.25,200,0.01465,0.25813,0.2,800,0.14107,0.13816,0.25,800,0.15655,0.1839,strict
SeasonalForestSpring,000096_lcam_front_lidar.ply,0.10002,799,0.04882,0.07718,0.15001,500,0.02958,0.09698,0.25,200,0.01094,0.25936,0.2,800,0.15775,0.15131,0.2,800,0.15751,0.15267,rl
SeasonalForestSpring,000097_lcam_front_lidar.ply,0.10002,799,0.0589,0.09426,0.15001,500,0.07644,0.16386,0.25,200,0.00145,0.13065,0.2,800,0.16249,0.15563,0.25,800,0.16649,0.17524,rl_v2_reward
SeasonalForestSpring,000098_lcam_front_lidar.ply,0.10002,799,0.02843,0.09473,0.15001,500,0.04402,0.16556,0.25,200,0.02459,0.26872,0.2,800,0.14022,0.18867,0.25,800,0.16743,0.22356,rl_v2_reward
SeasonalForestSpring,000099_lcam_front_lidar.ply,0.10002,799,0.00704,0.16343,0.15001,500,0.08613,0.16243,0.25,200,0.01376,0.21457,0.2,800,0.14753,0.14665,0.2,800,0.14487,0.13853,rl
SeasonalForestSpring,000100_lcam_front_lidar.ply,0.10002,799,0.00533,0.04364,0.15001,500,0.01757,0.19293,0.25,200,0.01578,0.18283,0.2,800,0.13818,0.13962,0.25,800,0.15227,0.18533,rl_v2_reward
SeasonalForestSpring,000101_lcam_front_lidar.ply,0.10002,799,0.25088,0.09959,0.15001,500,0.01564,0.07622,0.25,200,0.01132,0.12342,0.2,800,0.12579,0.13911,0.2,800,0.12464,0.1396,strict
SeasonalForestSpring,000102_lcam_front_lidar.ply,0.10002,799,0.22273,0.1002,0.15001,500,0.00697,0.06343,0.25,200,0.0278,0.29294,0.2,800,0.10957,0.12915,0.2,800,0.1093,0.12999,strict
SeasonalForestSpring,000103_lcam_front_lidar.ply,0.10002,799,0.00432,0.03908,0.15001,500,0.05214,0.16205,0.25,200,0.04454,0.32171,0.2,800,0.11027,0.15659,0.2,800,0.10498,0.13442,rl
SeasonalForestSpring,000104_lcam_front_lidar.ply,0.10002,799,0.02239,0.03777,0.15001,500,0.01131,0.13097,0.25,200,0.04056,0.31593,0.2,800,0.09326,0.14872,0.2,800,0.09393,0.13521,rl_v2_reward
SeasonalForestSpring,000105_lcam_front_lidar.ply,0.10002,799,0.06632,0.07854,0.15001,500,0.02097,0.05023,0.25,200,0.01566,0.1636,0.2,800,0.08305,0.15349,0.2,800,0.07986,0.1483,rl
SeasonalForestSpring,000106_lcam_front_lidar.ply,0.10002,799,0.02983,0.05487,0.15001,500,0.02054,0.065,0.25,200,0.00961,0.07298,0.2,800,0.07774,0.15207,0.2,800,0.08596,0.15479,rl_v2_reward
SeasonalForestSpring,000107_lcam_front_lidar.ply,0.10002,799,0.05247,0.09129,0.15001,500,0.22955,0.1558,0.25,200,0.02951,0.23673,0.2,800,0.09216,0.14401,0.25,800,0.10281,0.16757,standard
SeasonalForestSpring,000108_lcam_front_lidar.ply,0.10002,799,0.0588,0.08822,0.15001,500,0.00756,0.18457,0.25,200,0.03908,0.29097,0.2,800,0.09258,0.14837,0.2,800,0.09152,0.14479,rl
SeasonalForestSpring,000109_lcam_front_lidar.ply,0.10002,799,0.07224,0.1091,0.15001,500,0.05778,0.14248,0.25,200,0.02809,0.19733,0.2,800,0.09947,0.1164,0.2,800,0.09947,0.11643,rl
SeasonalForestSpring,000110_lcam_front_lidar.ply,0.10002,799,0.08469,0.13275,0.15001,500,0.06431,0.14474,0.25,200,0.01329,0.27124,0.2,800,0.1179,0.10999,0.2,800,0.11842,0.11045,rl_v2_reward
SeasonalForestSpring,000111_lcam_front_lidar.ply,0.10002,799,0.07367,0.12479,0.15001,500,0.05431,0.13198,0.25,200,0.0043,0.25643,0.2,800,0.11083,0.10798,0.2,800,0.1097,0.10457,rl
SeasonalForestSpring,000112_lcam_front_lidar.ply,0.10002,799,0.06806,0.11587,0.15001,500,0.05067,0.11947,0.25,200,0.00846,0.15915,0.2,800,0.12626,0.11173,0.2,800,0.12553,0.1076,rl
SeasonalForestSpring,000113_lcam_front_lidar.ply,0.10002,799,0.08055,0.11539,0.15001,500,0.0535,0.14872,0.25,200,0.39871,0.23644,0.2,800,0.12849,0.13039,0.2,800,0.12854,0.12949,loose
SeasonalForestSpring,000114_lcam_front_lidar.ply,0.10002,799,0.06198,0.10965,0.15001,500,0.04908,0.15593,0.25,200,0.00645,0.15665,0.2,800,0.13352,0.1131,0.2,800,0.13519,0.11548,rl_v2_reward
SeasonalForestSpring,000115_lcam_front_lidar.ply,0.10002,799,0.03034,0.08295,0.15001,500,0.04608,0.14143,0.25,200,0.00832,0.17353,0.2,800,0.13788,0.13295,0.2,800,0.13938,0.13429,rl_v2_reward
SeasonalForestSpring,000116_lcam_front_lidar.ply,0.10002,799,0.06746,0.06928,0.15001,500,0.02817,0.12301,0.25,200,0.001,0.14045,0.2,800,0.13352,0.11554,0.2,800,0.13881,0.1258,rl_v2_reward
SeasonalForestSpring,000117_lcam_front_lidar.ply,0.10002,799,0.06592,0.09542,0.15001,500,0.02596,0.1048,0.25,200,0.00883,0.14864,0.2,800,0.13319,0.12592,0.2,800,0.13533,0.12886,rl_v2_reward
SeasonalForestSpring,000118_lcam_front_lidar.ply,0.10002,799,0.0448,0.08979,0.15001,500,0.02076,0.12927,0.25,200,0.02224,0.20308,0.2,800,0.13914,0.13974,0.2,800,0.13666,0.13568,rl
SeasonalForestSpring,000119_lcam_front_lidar.ply,0.10002,799,0.06441,0.09501,0.15001,500,0.04148,0.16046,0.25,200,0.00197,0.21324,0.2,800,0.12957,0.14125,0.2,800,0.12998,0.1424,rl_v2_reward
SeasonalForestSpring,000120_lcam_front_lidar.ply,0.10002,799,0.04623,0.07543,0.15001,500,0.03308,0.1415,0.25,200,0.00366,0.11412,0.2,800,0.12564,0.13077,0.2,800,0.1262,0.12382,rl_v2_reward
SeasonalForestSpring,000121_lcam_front_lidar.ply,0.10002,799,0.16282,0.0901,0.15001,500,0.00948,0.07495,0.25,200,0.03124,0.21433,0.2,800,0.13962,0.14887,0.2,800,0.14013,0.15203,strict
SeasonalForestSpring,000122_lcam_front_lidar.ply,0.10002,799,0.12527,0.09335,0.15001,500,0.02038,0.16233,0.25,200,0.04277,0.24631,0.2,800,0.13249,0.1526,0.2,800,0.12412,0.13781,rl
SeasonalForestSpring,000123_lcam_front_lidar.ply,0.10002,799,0.13382,0.1022,0.15001,500,0.03069,0.14065,0.25,200,0.02754,0.24543,0.2,800,0.13105,0.14581,0.2,800,0.13199,0.14876,strict
SeasonalForestSpring,000124_lcam_front_lidar.ply,0.10002,799,0.07224,0.10918,0.15001,500,0.03254,0.14311,0.25,200,0.04466,0.24578,0.2,800,0.13561,0.14203,0.2,800,0.13752,0.14377,rl_v2_reward
SeasonalForestSpring,000125_lcam_front_lidar.ply,0.10002,799,0.06215,0.11373,0.15001,500,0.02236,0.14092,0.25,200,0.00712,0.10644,0.2,800,0.12834,0.15703,0.2,800,0.13236,0.16826,rl_v2_reward
SeasonalForestSpring,000126_lcam_front_lidar.ply,0.10002,799,0.06548,0.11842,0.15001,500,0.0696,0.16308,0.25,200,0.0095,0.14494,0.2,800,0.12264,0.14892,0.2,800,0.1226,0.14834,rl
SeasonalForestSpring,000127_lcam_front_lidar.ply,0.10002,799,0.06815,0.12107,0.15001,500,0.02333,0.13316,0.25,200,0.04323,0.22376,0.2,800,0.13785,0.18561,0.2,800,0.12606,0.15083,rl
SeasonalForestSpring,000128_lcam_front_lidar.ply,0.10002,799,0.21467,0.11602,0.15001,500,0.24902,0.13304,0.25,200,0.01197,0.13405,0.2,800,0.13817,0.17546,0.2,800,0.13131,0.15569,standard
SeasonalForestSpring,000129_lcam_front_lidar.ply,0.10002,799,0.22381,0.12311,0.15001,500,0.26543,0.14214,0.25,200,0.00467,0.06669,0.2,800,0.1244,0.17597,0.2,800,0.12079,0.16393,standard
SeasonalForestSpring,000130_lcam_front_lidar.ply,0.10002,799,0.22998,0.11493,0.15001,500,0.03051,0.1455,0.25,200,0.01215,0.1675,0.2,800,0.12929,0.18125,0.2,800,0.13012,0.18317,strict
SeasonalForestSpring,000131_lcam_front_lidar.ply,0.10002,799,0.21442,0.11211,0.15001,500,0.28472,0.15123,0.25,200,0.00685,0.102,0.2,800,0.12256,0.17151,0.2,800,0.12663,0.18368,standard
SeasonalForestSpring,000132_lcam_front_lidar.ply,0.10002,799,0.04642,0.101,0.15001,500,0.07874,0.18365,0.25,200,0.03877,0.22669,0.2,800,0.14078,0.19096,0.2,800,0.14945,0.20218,rl_v2_reward
SeasonalForestSpring,000133_lcam_front_lidar.ply,0.10002,799,0.04283,0.08197,0.15001,500,0.02686,0.14717,0.25,200,0.02198,0.16484,0.2,800,0.13822,0.16908,0.2,800,0.14067,0.17385,rl_v2_reward
SeasonalForestSpring,000134_lcam_front_lidar.ply,0.10002,799,0.03917,0.08253,0.15001,500,0.04965,0.17842,0.25,200,0.00155,0.12042,0.2,800,0.07924,0.24788,0.2,800,0.14545,0.17865,rl_v2_reward
SeasonalForestSpring,000135_lcam_front_lidar.ply,0.10002,799,0.04472,0.0978,0.15001,500,0.08906,0.16804,0.25,200,0.09207,0.28623,0.2,800,0.06447,0.21914,0.2,800,0.05543,0.17401,loose
SeasonalForestSpring,000136_lcam_front_lidar.ply,0.10002,799,0.28646,0.09577,0.15001,500,0.06067,0.204,0.25,200,0.07686,0.26833,0.2,800,0.07386,0.20706,0.2,800,0.18934,0.18499,strict
SeasonalForestSpring,000137_lcam_front_lidar.ply,0.10002,799,0.29256,0.10528,0.15001,500,0.06406,0.15657,0.25,200,0.06524,0.26013,0.2,800,0.07286,0.19232,0.2,800,0.18944,0.19019,strict
SeasonalForestSpring,000138_lcam_front_lidar.ply,0.10002,799,0.0433,0.09846,0.15001,500,0.02515,0.15667,0.25,200,0.01021,0.15986,0.2,800,0.07334,0.22575,0.2,800,0.07052,0.19267,rl
SeasonalForestSpring,000139_lcam_front_lidar.ply,0.10002,799,0.01104,0.07815,0.15001,500,0.03665,0.14481,0.25,200,0.09402,0.29237,0.2,800,0.07149,0.22759,0.2,800,0.18613,0.19398,rl_v2_reward
SeasonalForestSpring,000140_lcam_front_lidar.ply,0.10002,799,0.04356,0.11208,0.15001,500,0.00389,0.07963,0.25,200,0.08141,0.27199,0.2,800,0.19558,0.20201,0.2,800,0.19595,0.20469,rl_v2_reward
SeasonalForestSpring,000141_lcam_front_lidar.ply,0.10002,799,0.25212,0.11399,0.15001,500,0.08187,0.18314,0.25,200,0.07456,0.26641,0.2,800,0.05736,0.18442,0.2,800,0.17631,0.19516,strict
SeasonalForestSpring,000142_lcam_front_lidar.ply,0.10002,799,0.25071,0.11566,0.15001,500,0.04997,0.13993,0.25,200,0.06482,0.25595,0.2,800,0.18033,0.21291,0.2,800,0.06912,0.21533,strict
SeasonalForestSpring,000143_lcam_front_lidar.ply,0.10002,799,0.26468,0.12269,0.15001,500,0.00171,0.09517,0.25,200,0.01764,0.20274,0.2,800,0.06347,0.19464,0.2,800,0.06482,0.2029,strict
SeasonalForestSpring,000144_lcam_front_lidar.ply,0.10002,799,0.24026,0.11902,0.15001,500,0.0499,0.17222,0.25,200,0.0177,0.21738,0.2,800,0.13601,0.1764,0.2,800,0.06119,0.16536,strict
SeasonalForestSpring,000145_lcam_front_lidar.ply,0.10002,799,0.05485,0.10697,0.15001,500,0.04497,0.15443,0.25,200,0.00632,0.14596,0.2,800,0.05517,0.16015,0.2,800,0.18831,0.21832,rl_v2_reward
SeasonalForestSpring,000146_lcam_front_lidar.ply,0.10002,799,0.02897,0.0974,0.15001,500,0.03402,0.20047,0.25,200,0.00565,0.10749,0.2,800,0.18357,0.22454,0.2,800,0.16885,0.21662,rl
SeasonalForestSpring,000147_lcam_front_lidar.ply,0.10002,799,0.00408,0.05812,0.15001,500,0.0133,0.14656,0.25,200,0.00164,0.11533,0.2,800,0.06242,0.15997,0.2,800,0.06158,0.15768,rl
SeasonalForestSpring,000148_lcam_front_lidar.ply,0.10002,799,0.03799,0.09937,0.15001,500,0.03576,0.1345,0.25,200,0.07846,0.20532,0.2,800,0.07303,0.18168,0.2,800,0.1735,0.23306,rl_v2_reward
SeasonalForestSpring,000149_lcam_front_lidar.ply,0.10002,799,0.02517,0.06977,0.15001,500,0.05615,0.12396,0.25,200,0.0056,0.11626,0.2,800,0.06642,0.15146,0.2,800,0.06272,0.15141,rl
SeasonalForestSpring,000150_lcam_front_lidar.ply,0.10002,799,0.02884,0.12195,0.15001,500,0.03589,0.11759,0.25,200,0.05213,0.3006,0.2,800,0.0617,0.15153,0.2,800,0.06393,0.15578,rl_v2_reward
SeasonalForestSpring,000151_lcam_front_lidar.ply,0.10002,799,0.04089,0.09532,0.15001,500,0.04453,0.15345,0.25,200,0.03437,0.23916,0.2,800,0.06592,0.14891,0.2,800,0.0658,0.1456,rl
SeasonalForestSpring,000152_lcam_front_lidar.ply,0.10002,799,0.05916,0.13871,0.15001,500,0.00311,0.12201,0.25,200,0.05833,0.23146,0.2,800,0.11132,0.15453,0.2,800,0.11433,0.16738,rl_v2_reward
SeasonalForestSpring,000153_lcam_front_lidar.ply,0.10002,799,0.03568,0.07723,0.15001,500,0.04591,0.13049,0.25,200,0.03827,0.21462,0.2,800,0.07458,0.14208,0.2,800,0.09995,0.15532,rl_v2_reward
SeasonalForestSpring,000154_lcam_front_lidar.ply,0.10002,799,0.04399,0.07673,0.15001,500,0.05792,0.12468,0.25,200,0.0662,0.25434,0.2,800,0.11114,0.16892,0.2,800,0.11671,0.1836,rl_v2_reward
SeasonalForestSpring,000155_lcam_front_lidar.ply,0.10002,799,0.05532,0.12202,0.15001,500,0.0457,0.13005,0.25,200,0.01101,0.23771,0.2,800,0.08133,0.13583,0.2,800,0.0822,0.13706,rl_v2_reward
SeasonalForestSpring,000156_lcam_front_lidar.ply,0.10002,799,0.02791,0.07981,0.15001,500,0.06441,0.19184,0.25,200,0.0596,0.28807,0.2,800,0.08037,0.13736,0.2,800,0.07968,0.14,rl
SeasonalForestSpring,000157_lcam_front_lidar.ply,0.10002,799,0.03853,0.08821,0.15001,500,0.18866,0.16144,0.25,200,0.07662,0.23765,0.2,800,0.08398,0.142,0.2,800,0.08409,0.14386,standard
SeasonalForestSpring,000158_lcam_front_lidar.ply,0.10002,799,0.05054,0.0901,0.15001,500,0.04644,0.14736,0.25,200,0.0086,0.17081,0.2,800,0.07575,0.13086,0.2,800,0.07425,0.13479,rl
SeasonalForestSpring,000159_lcam_front_lidar.ply,0.10002,799,0.05803,0.09567,0.15001,500,0.0037,0.00385,0.25,200,0.0949,0.25668,0.2,800,0.11036,0.17586,0.2,800,0.08161,0.13428,rl
SeasonalForestSpring,000160_lcam_front_lidar.ply,0.10002,799,0.03364,0.06701,0.15001,500,0.05276,0.1561,0.25,200,0.00922,0.15228,0.2,800,0.10635,0.16864,0.2,800,0.10876,0.17624,rl_v2_reward
SeasonalForestSpring,000161_lcam_front_lidar.ply,0.10002,799,0.03831,0.08924,0.15001,500,0.05387,0.1756,0.25,200,0.00579,0.119,0.2,800,0.07785,0.15327,0.2,800,0.10549,0.1836,rl_v2_reward
SeasonalForestSpring,000162_lcam_front_lidar.ply,0.10002,799,0.14802,0.12272,0.15001,500,0.01362,0.03107,0.25,200,0.01374,0.12748,0.2,800,0.10636,0.17837,0.2,800,0.10299,0.16966,strict
SeasonalForestSpring,000163_lcam_front_lidar.ply,0.10002,799,0.14675,0.12122,0.15001,500,0.02129,0.1155,0.25,200,0.04959,0.20862,0.2,800,0.0502,0.13866,0.2,800,0.10189,0.18101,strict
SeasonalForestSpring,000164_lcam_front_lidar.ply,0.10002,799,0.17863,0.114,0.15001,500,0.04724,0.1267,0.25,200,0.03756,0.27177,0.2,800,0.04654,0.13743,0.2,800,0.09904,0.2139,strict
SeasonalForestSpring,000165_lcam_front_lidar.ply,0.10002,799,0.18622,0.11768,0.15001,500,0.03818,0.14224,0.25,200,0.03374,0.28621,0.2,800,0.09301,0.18107,0.2,800,0.09956,0.20495,strict
SeasonalForestSpring,000166_lcam_front_lidar.ply,0.10002,799,0.1628,0.11168,0.15001,500,0.03927,0.11158,0.25,200,0.04304,0.28108,0.2,800,0.09792,0.20818,0.2,800,0.09669,0.20104,strict
SeasonalForestSpring,000167_lcam_front_lidar.ply,0.10002,799,0.06362,0.11505,0.15001,500,0.05099,0.15615,0.25,200,0.06115,0.23538,0.2,800,0.08803,0.1691,0.2,800,0.08997,0.17757,rl_v2_reward
SeasonalForestSpring,000168_lcam_front_lidar.ply,0.10002,799,0.17666,0.12769,0.15001,500,0.0467,0.1515,0.25,200,0.04342,0.25808,0.2,800,0.09165,0.20496,0.2,800,0.10584,0.2354,strict
SeasonalForestSpring,000169_lcam_front_lidar.ply,0.10002,799,0.00298,0.08654,0.15001,500,0.00369,0.2129,0.25,200,0.00507,0.14839,0.2,800,0.10863,0.24005,0.2,800,0.09667,0.21558,rl
SeasonalForestSpring,000170_lcam_front_lidar.ply,0.10002,799,0.11482,0.11225,0.15001,500,0.03633,0.14855,0.25,200,0.04087,0.28721,0.2,800,0.10825,0.23835,0.2,800,0.09918,0.20296,strict
SeasonalForestSpring,000171_lcam_front_lidar.ply,0.10002,799,0.12385,0.11404,0.15001,500,0.02492,0.14176,0.25,200,0.0395,0.19768,0.2,800,0.11587,0.24571,0.2,800,0.09681,0.18974,strict
SeasonalForestSpring,000172_lcam_front_lidar.ply,0.10002,799,0.15878,0.11512,0.15001,500,0.02429,0.13503,0.25,200,0.01331,0.22705,0.2,800,0.09492,0.19557,0.2,800,0.09599,0.19677,strict
SeasonalForestSpring,000173_lcam_front_lidar.ply,0.10002,799,0.13903,0.12766,0.15001,500,0.01589,0.11412,0.25,200,0.00454,0.18415,0.2,800,0.0903,0.18566,0.2,800,0.09041,0.18455,strict
SeasonalForestSpring,000174_lcam_front_lidar.ply,0.10002,799,0.13613,0.1277,0.15001,500,0.02711,0.12198,0.25,200,0.00747,0.20598,0.2,800,0.08656,0.17921,0.2,800,0.08589,0.17964,strict
SeasonalForestSpring,000175_lcam_front_lidar.ply,0.10002,799,0.12437,0.13631,0.15001,500,0.07187,0.14291,0.25,200,0.05889,0.27021,0.2,800,0.10035,0.17319,0.2,800,0.10078,0.16991,strict
SeasonalForestSpring,000176_lcam_front_lidar.ply,0.10002,799,0.11388,0.11955,0.15001,500,0.07306,0.10731,0.25,200,0.00253,0.12327,0.2,800,0.09975,0.15344,0.2,800,0.10026,0.15977,strict
SeasonalForestSpring,000177_lcam_front_lidar.ply,0.10002,799,0.13716,0.12619,0.15001,500,0.03155,0.12883,0.25,200,0.06737,0.20582,0.2,800,0.10527,0.18863,0.2,800,0.09653,0.15632,strict
SeasonalForestSpring,000178_lcam_front_lidar.ply,0.10002,799,0.04862,0.11058,0.15001,500,0.04971,0.21967,0.25,200,0.02838,0.24732,0.2,800,0.08935,0.13491,0.2,800,0.08814,0.13147,rl
SeasonalForestSpring,000179_lcam_front_lidar.ply,0.10002,799,0.04725,0.11905,0.15001,500,0.03738,0.14394,0.25,200,0.00811,0.05028,0.2,800,0.09633,0.14803,0.2,800,0.09464,0.13844,rl
SeasonalForestSpring,000180_lcam_front_lidar.ply,0.10002,799,0.02889,0.10439,0.15001,500,0.04978,0.19724,0.25,200,0.02392,0.21463,0.2,800,0.08441,0.16193,0.2,800,0.09046,0.18206,rl_v2_reward
SeasonalForestSpring,000181_lcam_front_lidar.ply,0.10002,799,0.02062,0.10921,0.15001,500,0.02947,0.13665,0.25,200,0.04626,0.28019,0.2,800,0.09243,0.16058,0.2,800,0.08638,0.14571,rl
SeasonalForestSpring,000182_lcam_front_lidar.ply,0.10002,799,0.37357,0.06358,0.15001,500,0.49013,0.10721,0.25,200,0.01042,0.15154,0.2,800,0.0692,0.12218,0.2,800,0.06904,0.12066,standard
SeasonalForestSpring,000183_lcam_front_lidar.ply,0.10002,799,0.02439,0.10325,0.15001,500,0.01669,0.10151,0.25,200,0.01075,0.11239,0.2,800,0.10809,0.13817,0.2,800,0.10112,0.11561,rl
SeasonalForestSpring,000184_lcam_front_lidar.ply,0.10002,799,0.01967,0.10213,0.15001,500,0.0195,0.12243,0.25,200,0.02488,0.16775,0.2,800,0.0,0.0,0.2,800,0.0,0.0,loose
SeasonalForestSpring,000185_lcam_front_lidar.ply,0.10002,799,0.3494,0.04818,0.15001,500,0.04422,0.12104,0.25,200,0.01963,0.09828,0.2,800,0.10487,0.08342,0.2,800,0.10487,0.08342,strict
SeasonalForestSpring,000186_lcam_front_lidar.ply,0.10002,799,0.01936,0.06366,0.15001,500,0.04766,0.12176,0.25,200,0.00689,0.11253,0.2,800,0.10497,0.08636,0.2,800,0.1044,0.08551,rl
SeasonalForestSpring,000187_lcam_front_lidar.ply,0.10002,799,0.00362,0.05258,0.15001,500,0.16353,0.11125,0.25,200,0.01249,0.25313,0.2,800,0.12307,0.08775,0.2,800,0.12372,0.0883,standard
SeasonalForestSpring,000188_lcam_front_lidar.ply,0.10002,799,0.05508,0.10081,0.15001,500,0.1692,0.09955,0.25,200,0.00922,0.11215,0.2,800,0.1157,0.08832,0.2,800,0.11487,0.08547,standard
SeasonalForestSpring,000189_lcam_front_lidar.ply,0.10002,799,0.06152,0.09541,0.15001,500,0.02894,0.14344,0.25,200,0.00847,0.20392,0.2,800,0.11992,0.09936,0.2,800,0.12003,0.09949,rl_v2_reward
SeasonalForestSpring,000190_lcam_front_lidar.ply,0.10002,799,0.14128,0.09558,0.15001,500,0.02238,0.13113,0.25,200,0.00413,0.23185,0.2,800,0.12089,0.08409,0.2,800,0.12363,0.0877,strict
SeasonalForestSpring,000191_lcam_front_lidar.ply,0.10002,799,0.00645,0.06936,0.15001,500,0.01747,0.11236,0.25,200,0.02659,0.1571,0.2,800,0.1245,0.10554,0.2,800,0.1215,0.09434,rl
SeasonalForestSpring,000192_lcam_front_lidar.ply,0.10002,799,0.06961,0.10661,0.15001,500,0.02765,0.12165,0.25,200,0.00772,0.20088,0.2,800,0.12459,0.08833,0.2,800,0.12437,0.08734,rl
SeasonalForestSpring,000193_lcam_front_lidar.ply,0.10002,799,0.03348,0.11981,0.15001,500,0.06778,0.20857,0.25,200,0.01215,0.16119,0.2,800,0.12988,0.07717,0.2,800,0.12984,0.07718,rl
SeasonalForestSpring,000194_lcam_front_lidar.ply,0.10002,799,0.08911,0.08142,0.15001,500,0.02493,0.12738,0.25,200,0.0083,0.2157,0.2,800,0.13678,0.08979,0.2,800,0.13792,0.09124,rl_v2_reward
SeasonalForestSpring,000195_lcam_front_lidar.ply,0.10002,799,0.0968,0.07418,0.15001,500,0.01734,0.12659,0.25,200,0.0616,0.19313,0.2,800,0.12058,0.09779,0.25,800,0.13112,0.13393,rl_v2_reward
SeasonalForestSpring,000196_lcam_front_lidar.ply,0.10002,799,0.08256,0.07322,0.15001,500,0.05724,0.11434,0.25,200,0.06231,0.20844,0.2,800,0.12371,0.10811,0.25,800,0.1347,0.15083,rl_v2_reward
SeasonalForestSpring,000197_lcam_front_lidar.ply,0.10002,799,0.00434,0.07238,0.15001,500,0.01008,0.07774,0.25,200,0.01553,0.2078,0.2,800,0.10191,0.13396,0.25,800,0.11389,0.16696,rl_v2_reward
SeasonalForestSpring,000198_lcam_front_lidar.ply,0.10002,799,0.37459,0.06104,0.15001,500,0.39688,0.06964,0.25,200,0.01339,0.25051,0.2,800,0.09037,0.1078,0.25,800,0.09529,0.12774,standard
SeasonalForestSpring,000199_lcam_front_lidar.ply,0.10002,799,0.04634,0.08272,0.15001,500,0.06905,0.091,0.25,200,0.07084,0.27366,0.2,800,0.11339,0.07921,0.25,800,0.12476,0.1242,rl_v2_reward
SeasonalForestSpring,000200_lcam_front_lidar.ply,0.10002,799,0.10963,0.09802,0.15001,500,0.16422,0.06306,0.25,200,0.05963,0.23947,0.2,800,0.12745,0.07624,0.2,800,0.12721,0.07644,standard
SeasonalForestSpring,000201_lcam_front_lidar.ply,0.10002,799,0.09214,0.0535,0.15001,500,0.17653,0.066,0.25,200,0.0151,0.18072,0.2,800,0.13385,0.10107,0.25,800,0.14169,0.13506,standard
SeasonalForestSpring,000202_lcam_front_lidar.ply,0.10002,799,0.10365,0.05656,0.15001,500,0.00847,0.21008,0.25,200,0.00246,0.24501,0.2,800,0.1396,0.10952,0.25,800,0.14603,0.13291,rl_v2_reward
SeasonalForestSpring,000203_lcam_front_lidar.ply,0.10002,799,0.00169,0.10202,0.15001,500,0.02051,0.11657,0.25,200,0.28361,0.21181,0.25,800,0.14924,0.13169,0.25,800,0.15031,0.14084,loose
SeasonalForestSpring,000204_lcam_front_lidar.ply,0.10002,799,0.10338,0.05893,0.15001,500,0.19776,0.09569,0.25,200,0.27742,0.21326,0.2,800,0.1388,0.0896,0.25,800,0.15008,0.13253,loose
SeasonalForestSpring,000205_lcam_front_lidar.ply,0.10002,799,0.10443,0.05791,0.15001,500,0.18136,0.10295,0.25,200,0.28389,0.2456,0.2,800,0.1373,0.09559,0.25,800,0.15596,0.15522,loose
SeasonalForestSpring,000206_lcam_front_lidar.ply,0.10002,799,0.10175,0.05962,0.15001,500,0.19589,0.09497,0.25,200,0.28927,0.20666,0.2,800,0.15171,0.10773,0.25,800,0.16332,0.14785,loose
SeasonalForestSpring,000207_lcam_front_lidar.ply,0.10002,799,0.09849,0.06018,0.15001,500,0.18139,0.10381,0.25,200,0.2816,0.23452,0.2,800,0.14466,0.10848,0.2,800,0.14367,0.10516,loose
SeasonalForestSpring,000208_lcam_front_lidar.ply,0.10002,799,0.04562,0.08209,0.15001,500,0.02248,0.09926,0.25,200,0.02805,0.21592,0.2,800,0.14451,0.12563,0.25,800,0.15449,0.15577,rl_v2_reward
SeasonalForestSpring,000209_lcam_front_lidar.ply,0.10002,799,0.07539,0.0728,0.15001,500,0.06844,0.10416,0.25,200,0.08858,0.22425,0.2,800,0.15632,0.11719,0.25,800,0.1677,0.1509,rl_v2_reward
SeasonalForestSpring,000210_lcam_front_lidar.ply,0.10002,799,0.00351,0.00994,0.15001,500,0.04801,0.17585,0.25,200,0.02785,0.1568,0.2,800,0.14365,0.12297,0.25,800,0.15775,0.15128,rl_v2_reward
SeasonalForestSpring,000211_lcam_front_lidar.ply,0.10002,799,0.004,0.0084,0.15001,500,0.01758,0.12622,0.25,200,0.27944,0.19651,0.2,800,0.14396,0.12678,0.2,800,0.14693,0.13061,loose
SeasonalForestSpring,000212_lcam_front_lidar.ply,0.10002,799,0.09641,0.06686,0.15001,500,0.19074,0.11978,0.25,200,0.27761,0.21749,0.2,800,0.13831,0.13723,0.2,800,0.13916,0.14177,loose
SeasonalForestSpring,000213_lcam_front_lidar.ply,0.10002,799,0.0004,4e-05,0.15001,500,0.00114,0.1571,0.25,200,0.2835,0.23455,0.2,800,0.14278,0.13185,0.2,800,0.14232,0.13184,loose
SeasonalForestSpring,000214_lcam_front_lidar.ply,0.10002,799,0.05845,0.06328,0.15001,500,0.17577,0.09748,0.25,200,0.26561,0.19715,0.2,800,0.12753,0.11307,0.2,800,0.12599,0.10725,loose
SeasonalForestSpring,000215_lcam_front_lidar.ply,0.10002,799,0.0333,0.06106,0.15001,500,0.16785,0.09066,0.25,200,0.25668,0.18147,0.2,800,0.13692,0.11944,0.2,800,0.13577,0.12168,loose
SeasonalForestSpring,000216_lcam_front_lidar.ply,0.10002,799,0.03143,0.04978,0.15001,500,0.00159,0.13022,0.25,200,0.01044,0.18585,0.2,800,0.13067,0.10593,0.2,800,0.13067,0.10804,rl
SeasonalForestSpring,000217_lcam_front_lidar.ply,0.10002,799,0.10112,0.06455,0.15001,500,0.01471,0.11467,0.25,200,0.28422,0.16949,0.2,800,0.13744,0.102,0.2,800,0.13717,0.101,loose
SeasonalForestSpring,000218_lcam_front_lidar.ply,0.10002,799,0.10627,0.05476,0.15001,500,0.19508,0.07926,0.25,200,0.00999,0.09966,0.2,800,0.13362,0.08701,0.2,800,0.13356,0.08847,standard
SeasonalForestSpring,000219_lcam_front_lidar.ply,0.10002,799,0.11585,0.05743,0.15001,500,0.192,0.08079,0.25,200,0.29064,0.14608,0.2,800,0.14812,0.10231,0.2,800,0.14614,0.10121,loose
SeasonalForestSpring,000220_lcam_front_lidar.ply,0.10002,799,0.10795,0.04854,0.15001,500,0.0018,0.16169,0.25,200,0.29308,0.14741,0.2,800,0.15141,0.08725,0.2,800,0.15616,0.09818,loose
SeasonalForestSpring,000221_lcam_front_lidar.ply,0.10002,799,0.09902,0.05356,0.15001,500,0.00578,0.13122,0.25,200,0.01254,0.12553,0.2,800,0.13665,0.08378,0.25,800,0.14291,0.09703,rl_v2_reward
SeasonalForestSpring,000222_lcam_front_lidar.ply,0.10002,799,0.10732,0.04952,0.15001,500,0.17985,0.06796,0.25,200,0.00977,0.18308,0.2,800,0.13901,0.07791,0.2,800,0.14214,0.08147,standard
SeasonalForestSpring,000223_lcam_front_lidar.ply,0.10002,799,0.10783,0.04791,0.15001,500,0.17904,0.06891,0.25,200,0.26434,0.15163,0.2,800,0.14172,0.08764,0.2,800,0.13707,0.07984,loose
SeasonalForestSpring,000224_lcam_front_lidar.ply,0.10002,799,0.09599,0.05114,0.15001,500,0.19594,0.09043,0.25,200,0.27685,0.17778,0.2,800,0.13634,0.08489,0.2,800,0.1338,0.07772,loose
SeasonalForestSpring,000225_lcam_front_lidar.ply,0.10002,799,0.10909,0.05101,0.15001,500,0.18787,0.06967,0.25,200,0.00157,0.02448,0.2,800,0.13849,0.07502,0.2,800,0.13946,0.07463,standard
SeasonalForestSpring,000226_lcam_front_lidar.ply,0.10002,799,0.09856,0.05671,0.15001,500,0.00185,0.18669,0.25,200,0.27086,0.15114,0.2,800,0.14017,0.08223,0.2,800,0.14042,0.08734,loose
SeasonalForestSpring,000227_lcam_front_lidar.ply,0.10002,799,0.10453,0.05539,0.15001,500,0.18879,0.07606,0.25,200,0.28136,0.16446,0.2,800,0.13773,0.08845,0.2,800,0.14072,0.09121,loose
SeasonalForestSpring,000228_lcam_front_lidar.ply,0.10002,799,0.10654,0.05835,0.15001,500,0.19685,0.09196,0.25,200,0.28053,0.15478,0.2,800,0.14444,0.09724,0.2,800,0.14702,0.09959,loose
SeasonalForestSpring,000229_lcam_front_lidar.ply,0.10002,799,0.10254,0.06159,0.15001,500,0.20325,0.09159,0.25,200,0.00722,0.30175,0.2,800,0.14259,0.09648,0.2,800,0.13939,0.09082,standard
SeasonalForestSpring,000230_lcam_front_lidar.ply,0.10002,799,0.13148,0.06967,0.15001,500,0.19687,0.09318,0.25,200,0.30508,0.19674,0.2,800,0.14366,0.10624,0.2,800,0.14272,0.10454,loose
SeasonalForestSpring,000231_lcam_front_lidar.ply,0.10002,799,0.11738,0.07368,0.15001,500,0.00122,0.00033,0.25,200,0.01116,0.25621,0.2,800,0.13526,0.08855,0.2,800,0.13722,0.09598,rl_v2_reward
SeasonalForestSpring,000232_lcam_front_lidar.ply,0.10002,799,0.10646,0.06835,0.15001,500,0.00074,0.00044,0.25,200,0.26505,0.21341,0.2,800,0.14349,0.11679,0.2,800,0.14116,0.11349,loose
SeasonalForestSpring,000233_lcam_front_lidar.ply,0.10002,799,0.3762,0.06367,0.15001,500,0.03693,0.19866,0.25,200,0.00918,0.09999,0.2,800,0.13459,0.136,0.2,800,0.13284,0.13131,strict
SeasonalForestSpring,000234_lcam_front_lidar.ply,0.10002,799,0.09441,0.07316,0.15001,500,0.08198,0.10271,0.25,200,0.05653,0.25791,0.2,800,0.1421,0.1176,0.2,800,0.1438,0.1184,rl_v2_reward
SeasonalForestSpring,000235_lcam_front_lidar.ply,0.10002,799,0.31288,0.07119,0.15001,500,0.01222,0.08353,0.25,200,0.0658,0.27514,0.2,800,0.11716,0.13742,0.2,800,0.12039,0.13904,strict
SeasonalForestSpring,000236_lcam_front_lidar.ply,0.10002,799,0.04387,0.04533,0.15001,500,0.0459,0.09707,0.25,200,0.00655,0.14559,0.2,800,0.13332,0.13491,0.2,800,0.13625,0.14148,rl_v2_reward
SeasonalForestSpring,000237_lcam_front_lidar.ply,0.10002,799,0.06236,0.05181,0.15001,500,0.05297,0.0798,0.25,200,0.05745,0.20921,0.2,800,0.13138,0.13363,0.2,800,0.13492,0.13288,rl_v2_reward
SeasonalForestSpring,000238_lcam_front_lidar.ply,0.10002,799,0.02686,0.04789,0.15001,500,0.04339,0.0668,0.25,200,0.07959,0.21401,0.2,800,0.14176,0.12904,0.2,800,0.14556,0.13608,rl_v2_reward
SeasonalForestSpring,000239_lcam_front_lidar.ply,0.10002,799,0.03116,0.04459,0.15001,500,0.07775,0.0919,0.25,200,0.07245,0.17742,0.2,800,0.14422,0.14068,0.2,800,0.14365,0.13777,rl
SeasonalForestSpring,000240_lcam_front_lidar.ply,0.10002,799,0.06436,0.05997,0.15001,500,0.09519,0.10213,0.25,200,0.07891,0.19706,0.2,800,0.12474,0.12365,0.2,800,0.12768,0.13083,rl_v2_reward
SeasonalForestSpring,000241_lcam_front_lidar.ply,0.10002,799,0.05653,0.05122,0.15001,500,0.0153,0.11641,0.25,200,0.01866,0.19001,0.2,800,0.12082,0.12423,0.2,800,0.12206,0.12177,rl_v2_reward
SeasonalForestSpring,000242_lcam_front_lidar.ply,0.10002,799,0.07726,0.06815,0.15001,500,0.02083,0.1267,0.25,200,0.00501,0.10766,0.2,800,0.12641,0.1481,0.2,800,0.12927,0.14748,rl_v2_reward
SeasonalForestSpring,000243_lcam_front_lidar.ply,0.10002,799,0.06889,0.06317,0.15001,500,0.01614,0.08441,0.25,200,0.01476,0.15887,0.2,800,0.12381,0.15209,0.2,800,0.1185,0.13927,rl
SeasonalForestSpring,000244_lcam_front_lidar.ply,0.10002,799,0.03323,0.06126,0.15001,500,0.02577,0.11996,0.25,200,0.00993,0.07498,0.2,800,0.13366,0.17354,0.2,800,0.13258,0.16739,rl
SeasonalForestSpring,000245_lcam_front_lidar.ply,0.10002,799,0.05059,0.06216,0.15001,500,0.02164,0.12865,0.25,200,0.01208,0.09017,0.2,800,0.13617,0.1694,0.2,800,0.13915,0.174,rl_v2_reward
SeasonalForestSpring,000246_lcam_front_lidar.ply,0.10002,799,0.05023,0.07415,0.15001,500,0.03506,0.07948,0.25,200,0.01483,0.14039,0.2,800,0.13726,0.16622,0.2,800,0.13378,0.15744,rl
SeasonalForestSpring,000247_lcam_front_lidar.ply,0.10002,799,0.05441,0.07825,0.15001,500,0.0327,0.17411,0.25,200,0.00089,0.13959,0.2,800,0.13671,0.16887,0.2,800,0.1402,0.17574,rl_v2_reward
SeasonalForestSpring,000248_lcam_front_lidar.ply,0.10002,799,0.03989,0.07734,0.15001,500,0.17784,0.11725,0.25,200,0.0017,0.00533,0.2,800,0.13142,0.16245,0.2,800,0.13585,0.16797,standard
SeasonalForestSpring,000249_lcam_front_lidar.ply,0.10002,799,0.03756,0.06215,0.15001,500,0.19478,0.1292,0.25,200,0.01255,0.11893,0.2,800,0.14857,0.1771,0.2,800,0.13645,0.15731,standard
SeasonalForestSpring,000250_lcam_front_lidar.ply,0.10002,799,0.02776,0.06987,0.15001,500,0.01384,0.06859,0.25,200,0.00492,0.12952,0.2,800,0.13522,0.13951,0.2,800,0.14024,0.15481,rl_v2_reward
SeasonalForestSpring,000251_lcam_front_lidar.ply,0.10002,799,0.1489,0.10236,0.15001,500,0.19356,0.11523,0.25,200,0.01184,0.12182,0.2,800,0.14179,0.15644,0.2,800,0.14027,0.15551,standard
SeasonalForestSpring,000252_lcam_front_lidar.ply,0.10002,799,0.00706,0.06889,0.15001,500,0.18069,0.12098,0.25,200,0.00566,0.12015,0.2,800,0.15558,0.1623,0.2,800,0.15281,0.15037,standard
SeasonalForestSpring,000253_lcam_front_lidar.ply,0.10002,799,0.10086,0.07878,0.15001,500,0.17672,0.11359,0.25,200,0.0088,0.11187,0.2,800,0.14675,0.152,0.2,800,0.14685,0.14852,standard
SeasonalForestSpring,000254_lcam_front_lidar.ply,0.10002,799,0.11913,0.07685,0.15001,500,0.18134,0.1133,0.25,200,0.01273,0.15596,0.2,800,0.14588,0.14486,0.2,800,0.14063,0.12759,standard
SeasonalForestSpring,000255_lcam_front_lidar.ply,0.10002,799,0.11538,0.08276,0.15001,500,0.18035,0.1167,0.25,200,0.0017,0.25689,0.2,800,0.1574,0.15259,0.2,800,0.15676,0.15377,standard
SeasonalForestSpring,000256_lcam_front_lidar.ply,0.10002,799,0.12609,0.08523,0.15001,500,0.18702,0.11985,0.25,200,0.00465,0.04159,0.2,800,0.15473,0.15478,0.2,800,0.1459,0.13847,standard
SeasonalForestSpring,000257_lcam_front_lidar.ply,0.10002,799,0.12426,0.09195,0.15001,500,0.20217,0.13369,0.25,200,0.00387,0.07834,0.2,800,0.15134,0.15791,0.2,800,0.15041,0.15846,standard
SeasonalForestSpring,000258_lcam_front_lidar.ply,0.10002,799,0.11513,0.07706,0.15001,500,0.17962,0.11421,0.25,200,0.25984,0.19422,0.15,800,0.13327,0.10755,0.2,800,0.14795,0.1516,loose
SeasonalForestSpring,000259_lcam_front_lidar.ply,0.10002,799,0.02993,0.09066,0.15001,500,0.02216,0.07828,0.25,200,0.00915,0.14569,0.2,800,0.14472,0.14418,0.2,800,0.14584,0.15106,rl_v2_reward
SeasonalForestSpring,000260_lcam_front_lidar.ply,0.10002,799,0.13142,0.08484,0.15001,500,0.01783,0.08479,0.25,200,0.03094,0.18114,0.15,800,0.13216,0.10608,0.2,800,0.15391,0.16139,rl_v2_reward
SeasonalForestSpring,000261_lcam_front_lidar.ply,0.10002,799,0.03723,0.06012,0.15001,500,0.02454,0.13891,0.25,200,0.00777,0.05796,0.15,800,0.13352,0.10456,0.2,800,0.14657,0.14311,rl_v2_reward
SeasonalForestSpring,000262_lcam_front_lidar.ply,0.10002,799,0.12231,0.08654,0.15001,500,0.0151,0.0694,0.25,200,0.01523,0.0577,0.2,800,0.1534,0.17499,0.2,800,0.15516,0.17849,rl_v2_reward
SeasonalForestSpring,000263_lcam_front_lidar.ply,0.10002,799,0.11385,0.08663,0.15001,500,0.02018,0.08464,0.25,200,0.01386,0.07539,0.2,800,0.14517,0.16258,0.2,800,0.1487,0.172,rl_v2_reward
SeasonalForestSpring,000264_lcam_front_lidar.ply,0.10002,799,0.10686,0.07708,0.15001,500,0.03368,0.04147,0.25,200,0.00899,0.04553,0.15,800,0.13024,0.11863,0.2,800,0.15012,0.17155,rl_v2_reward
SeasonalForestSpring,000265_lcam_front_lidar.ply,0.10002,799,0.05486,0.07834,0.15001,500,0.02141,0.07092,0.25,200,0.0194,0.08075,0.15,800,0.13624,0.12199,0.2,800,0.15376,0.16336,rl_v2_reward
SeasonalForestSpring,000266_lcam_front_lidar.ply,0.10002,799,0.04347,0.06291,0.15001,500,0.17852,0.12368,0.25,200,0.01346,0.07214,0.2,800,0.14817,0.16063,0.2,800,0.15713,0.18274,standard
SeasonalForestSpring,000267_lcam_front_lidar.ply,0.10002,799,0.12288,0.10258,0.15001,500,0.02514,0.08588,0.25,200,0.02694,0.15083,0.2,800,0.16168,0.18433,0.2,800,0.15986,0.18059,rl
SeasonalForestSpring,000268_lcam_front_lidar.ply,0.10002,799,0.11235,0.09546,0.15001,500,0.01782,0.07958,0.25,200,0.00153,0.12002,0.2,800,0.1481,0.1776,0.2,800,0.14408,0.17535,rl
SeasonalForestSpring,000269_lcam_front_lidar.ply,0.10002,799,0.00231,0.0026,0.15001,500,0.08719,0.12579,0.25,200,0.01138,0.07432,0.2,800,0.13709,0.15805,0.2,800,0.15268,0.1851,rl_v2_reward
SeasonalForestSpring,000270_lcam_front_lidar.ply,0.10002,799,0.0447,0.07111,0.15001,500,0.07981,0.13628,0.25,200,0.08353,0.28157,0.15,800,0.13271,0.11692,0.2,800,0.15331,0.16713,rl_v2_reward
SeasonalForestSpring,000271_lcam_front_lidar.ply,0.10002,799,0.07031,0.07551,0.15001,500,0.05692,0.09369,0.25,200,0.00869,0.02831,0.2,800,0.15126,0.20095,0.2,800,0.14186,0.16945,rl
SeasonalForestSpring,000272_lcam_front_lidar.ply,0.10002,799,0.05229,0.07024,0.15001,500,0.02999,0.11054,0.25,200,0.05958,0.15328,0.2,800,0.14167,0.20467,0.2,800,0.13777,0.19684,rl
SeasonalForestSpring,000273_lcam_front_lidar.ply,0.10002,799,0.02561,0.04272,0.15001,500,0.04581,0.102,0.25,200,0.00121,0.06728,0.15,800,0.09829,0.10794,0.2,800,0.12607,0.18468,rl_v2_reward
SeasonalForestSpring,000274_lcam_front_lidar.ply,0.10002,799,0.00441,0.04782,0.15001,500,0.00452,0.04734,0.25,200,0.00938,0.1299,0.15,800,0.07707,0.10186,0.2,800,0.08315,0.12143,rl_v2_reward
SeasonalForestSpring,000275_lcam_front_lidar.ply,0.10002,799,0.0031,0.04678,0.15001,500,0.09981,0.10527,0.25,200,0.03031,0.2849,0.15,800,0.08099,0.10583,0.2,800,0.08133,0.11659,standard
SeasonalForestSpring,000276_lcam_front_lidar.ply,0.10002,799,0.01721,0.03935,0.15001,500,0.16978,0.09575,0.25,200,0.0691,0.15522,0.15,800,0.08292,0.10713,0.2,800,0.15963,0.19286,standard
SeasonalForestSpring,000277_lcam_front_lidar.ply,0.10002,799,0.03433,0.06112,0.15001,500,0.04536,0.15481,0.25,200,0.01611,0.10536,0.2,800,0.14801,0.18423,0.2,800,0.08659,0.11183,rl
SeasonalForestSpring,000278_lcam_front_lidar.ply,0.10002,799,0.0198,0.04132,0.15001,500,0.08544,0.06114,0.25,200,0.04593,0.23824,0.15,800,0.08182,0.0983,0.2,800,0.08428,0.11211,standard
SeasonalForestSpring,000279_lcam_front_lidar.ply,0.10002,799,0.03355,0.06404,0.15001,500,0.11633,0.09451,0.25,200,0.00256,0.01558,0.2,800,0.15173,0.20049,0.2,800,0.08432,0.10944,rl
SeasonalForestSpring,000280_lcam_front_lidar.ply,0.10002,799,0.08426,0.05126,0.15001,500,0.01807,0.05036,0.25,200,0.01376,0.07397,0.2,800,0.1586,0.19222,0.2,800,0.15746,0.19315,rl
SeasonalForestSpring,000281_lcam_front_lidar.ply,0.10002,799,0.05402,0.05624,0.15001,500,0.06437,0.12576,0.25,200,0.02032,0.15635,0.15,800,0.08629,0.10603,0.2,800,0.08549,0.11417,rl
SeasonalForestSpring,000282_lcam_front_lidar.ply,0.10002,799,0.07032,0.07495,0.15001,500,0.06358,0.1433,0.25,200,0.08651,0.26003,0.2,800,0.15247,0.16008,0.2,800,0.16367,0.18572,rl_v2_reward
SeasonalForestSpring,000283_lcam_front_lidar.ply,0.10002,799,0.02731,0.0568,0.15001,500,0.0232,0.14009,0.25,200,0.00492,0.22236,0.2,800,0.08836,0.11936,0.2,800,0.08784,0.11426,rl
SeasonalForestSpring,000284_lcam_front_lidar.ply,0.10002,799,0.02509,0.08273,0.15001,500,0.09337,0.09394,0.25,200,0.00466,0.07713,0.15,800,0.08601,0.10457,0.2,800,0.16462,0.16699,rl_v2_reward
SeasonalForestSpring,000285_lcam_front_lidar.ply,0.10002,799,0.03972,0.05856,0.15001,500,0.00696,0.14859,0.25,200,0.22126,0.20675,0.2,800,0.09081,0.12651,0.2,800,0.09213,0.12223,loose
SeasonalForestSpring,000286_lcam_front_lidar.ply,0.10002,799,0.02344,0.05152,0.15001,500,0.09241,0.09203,0.25,200,0.00723,0.068,0.2,800,0.15797,0.16123,0.2,800,0.09362,0.12635,rl
SeasonalForestSpring,000287_lcam_front_lidar.ply,0.10002,799,0.03645,0.05741,0.15001,500,0.15486,0.10117,0.25,200,0.00475,0.06771,0.15,800,0.09074,0.11017,0.2,800,0.08216,0.09573,standard
SeasonalForestSpring,000288_lcam_front_lidar.ply,0.10002,799,0.03047,0.05307,0.15001,500,0.00978,0.09652,0.25,200,0.08357,0.20789,0.2,800,0.17738,0.1878,0.2,800,0.16973,0.17671,rl
SeasonalForestSpring,000289_lcam_front_lidar.ply,0.10002,799,0.02975,0.07662,0.15001,500,0.03237,0.05449,0.25,200,0.08293,0.22491,0.15,800,0.08233,0.10032,0.2,800,0.08799,0.11242,rl_v2_reward
SeasonalForestSpring,000290_lcam_front_lidar.ply,0.10002,799,0.05305,0.06224,0.15001,500,0.00282,0.03836,0.25,200,0.01368,0.23267,0.2,800,0.00514,0.19209,0.2,800,0.17521,0.19894,rl_v2_reward
SeasonalForestSpring,000291_lcam_front_lidar.ply,0.10002,799,0.02996,0.05193,0.15001,500,0.00566,0.09166,0.25,200,0.02408,0.13831,0.15,800,0.0725,0.09402,0.2,800,0.07286,0.09523,rl_v2_reward
SeasonalForestSpring,000292_lcam_front_lidar.ply,0.10002,799,0.02572,0.04002,0.15001,500,0.04885,0.18518,0.25,200,0.00629,0.23699,0.2,800,0.06069,0.17458,0.2,800,0.07552,0.09323,rl_v2_reward
SeasonalForestSpring,000293_lcam_front_lidar.ply,0.10002,799,0.15158,0.07813,0.15001,500,0.00402,0.02664,0.25,200,0.00879,0.03456,0.2,800,0.17178,0.18976,0.2,800,0.08261,0.11088,rl
SeasonalForestSpring,000294_lcam_front_lidar.ply,0.10002,799,0.04912,0.05867,0.15001,500,0.00463,0.0524,0.25,200,0.00192,0.19131,0.2,800,0.00377,0.17381,0.2,800,0.07432,0.09354,rl_v2_reward
SeasonalForestSpring,000295_lcam_front_lidar.ply,0.10002,799,0.02409,0.04195,0.15001,500,0.00159,0.01436,0.25,200,0.0015,0.08092,0.15,800,0.07079,0.08616,0.2,800,0.16113,0.17327,rl_v2_reward
SeasonalForestSpring,000296_lcam_front_lidar.ply,0.10002,799,0.02629,0.05033,0.15001,500,0.23355,0.11247,0.25,200,0.0067,0.08099,0.15,800,0.07093,0.08688,0.2,800,0.0738,0.0887,standard
SeasonalForestSpring,000297_lcam_front_lidar.ply,0.10002,799,0.01937,0.02967,0.15001,500,0.00479,0.03351,0.25,200,0.0068,0.09375,0.15,800,0.06557,0.08052,0.2,800,0.07203,0.08616,rl_v2_reward
SeasonalForestSpring,000298_lcam_front_lidar.ply,0.10002,799,0.031,0.05856,0.15001,500,0.09312,0.13595,0.25,200,0.00647,0.14771,0.2,800,0.16888,0.1952,0.2,800,0.16019,0.18172,rl
SeasonalForestSpring,000299_lcam_front_lidar.ply,0.10002,799,0.00704,0.0122,0.15001,500,0.20848,0.11904,0.25,200,0.01362,0.15372,0.15,800,0.06308,0.0775,0.2,800,0.06787,0.08116,standard
SeasonalForestSpring,000300_lcam_front_lidar.ply,0.10002,799,0.02568,0.03713,0.15001,500,0.01699,0.13364,0.25,200,0.01312,0.20179,0.2,800,0.06607,0.08178,0.2,800,0.16301,0.1731,rl_v2_reward
SeasonalForestSpring,000301_lcam_front_lidar.ply,0.10002,799,0.024,0.0553,0.15001,500,0.00189,0.00696,0.25,200,0.00082,0.00137,0.15,800,0.06485,0.08087,0.2,800,0.06252,0.08254,rl
SeasonalForestSpring,000302_lcam_front_lidar.ply,0.10002,799,0.15665,0.06254,0.15001,500,0.00174,0.01315,0.25,200,0.0021,0.01712,0.15,800,0.06404,0.08262,0.2,800,0.00464,0.09126,strict
SeasonalForestSpring,000303_lcam_front_lidar.ply,0.10002,799,0.16058,0.06797,0.15001,500,0.1904,0.07478,0.25,200,0.01406,0.13018,0.15,800,0.0004,0.06094,0.2,800,0.15434,0.16821,standard
SeasonalForestSpring,000304_lcam_front_lidar.ply,0.10002,799,0.03978,0.08335,0.15001,500,0.00399,0.14808,0.25,200,0.00287,0.21082,0.2,800,0.14997,0.16717,0.2,800,0.05695,0.0821,rl
SeasonalForestSpring,000305_lcam_front_lidar.ply,0.10002,799,0.00389,0.00961,0.15001,500,0.09798,0.11197,0.25,200,0.00656,0.28314,0.2,800,0.0014,0.00043,0.2,800,0.14332,0.15987,rl_v2_reward
SeasonalForestSpring,000306_lcam_front_lidar.ply,0.10002,799,0.16011,0.06696,0.15001,500,0.17805,0.07482,0.25,200,0.09484,0.19034,0.2,800,0.15233,0.17391,0.2,800,0.14066,0.15633,standard
SeasonalForestSpring,000307_lcam_front_lidar.ply,0.10002,799,0.00412,0.0719,0.15001,500,0.01802,0.07212,0.25,200,0.00074,0.00159,0.2,800,0.14841,0.17569,0.2,800,0.14034,0.16505,rl
SeasonalForestSpring,000308_lcam_front_lidar.ply,0.10002,799,0.01245,0.06823,0.15001,500,0.06325,0.11651,0.25,200,0.05828,0.21099,0.2,800,0.14203,0.1703,0.2,800,0.0014,0.10468,rl
SeasonalForestSpring,000309_lcam_front_lidar.ply,0.10002,799,0.11373,0.06051,0.15001,500,0.03517,0.14423,0.25,200,0.02226,0.10304,0.2,800,0.11902,0.16454,0.2,800,0.12883,0.17104,rl_v2_reward
SeasonalForestSpring,000310_lcam_front_lidar.ply,0.10002,799,0.14461,0.06333,0.15001,500,0.00082,0.00036,0.25,200,0.08795,0.2111,0.2,800,0.11204,0.15109,0.2,800,0.11035,0.14732,strict
SeasonalForestSpring,000311_lcam_front_lidar.ply,0.10002,799,0.13278,0.06353,0.15001,500,0.01164,0.0986,0.25,200,0.00891,0.1326,0.2,800,0.1079,0.17409,0.2,800,0.09267,0.15213,strict
SeasonalForestSpring,000312_lcam_front_lidar.ply,0.10002,799,0.1029,0.06322,0.15001,500,0.02539,0.09273,0.25,200,0.00946,0.16095,0.2,800,0.0787,0.17119,0.2,800,0.10908,0.17417,rl_v2_reward
SeasonalForestSpring,000313_lcam_front_lidar.ply,0.10002,799,0.03037,0.04569,0.15001,500,0.00659,0.09892,0.25,200,0.06688,0.18906,0.2,800,0.07584,0.14888,0.2,800,0.0806,0.16537,rl_v2_reward
SeasonalForestSpring,000314_lcam_front_lidar.ply,0.10002,799,0.10646,0.07419,0.15001,500,0.00033,0.00033,0.25,200,0.00889,0.12738,0.2,800,0.01045,0.04773,0.2,800,0.05423,0.1568,strict
SeasonalForestSpring,000315_lcam_front_lidar.ply,0.10002,799,0.02039,0.0469,0.15001,500,0.00617,0.10005,0.25,200,0.00929,0.15644,0.2,800,0.10196,0.18359,0.2,800,0.09322,0.17708,rl
SeasonalForestSpring,000316_lcam_front_lidar.ply,0.10002,799,0.095,0.07927,0.15001,500,0.00204,0.007,0.25,200,0.00998,0.15439,0.2,800,0.0711,0.18026,0.2,800,0.00924,0.04218,strict
SeasonalForestSpring,000317_lcam_front_lidar.ply,0.10002,799,0.07336,0.0811,0.15001,500,0.06364,0.10088,0.25,200,0.00936,0.13332,0.2,800,0.07873,0.16892,0.2,800,0.07171,0.17807,rl
SeasonalForestSpring,000318_lcam_front_lidar.ply,0.10002,799,0.01674,0.03868,0.15001,500,0.02318,0.08153,0.25,200,0.00908,0.18531,0.2,800,0.09107,0.18636,0.2,800,0.07656,0.16396,rl
SeasonalForestSpring,000319_lcam_front_lidar.ply,0.10002,799,0.00741,0.10519,0.15001,500,0.00283,0.01972,0.25,200,0.00906,0.11668,0.2,800,0.00785,0.05298,0.2,800,0.06179,0.15617,rl_v2_reward
SeasonalForestSpring,000320_lcam_front_lidar.ply,0.10002,799,0.0889,0.08776,0.15001,500,0.03127,0.1189,0.25,200,0.0096,0.13223,0.2,800,0.00082,0.00039,0.2,800,0.08323,0.16984,strict
SeasonalForestSpring,000321_lcam_front_lidar.ply,0.10002,799,0.01568,0.07496,0.15001,500,0.06504,0.1062,0.25,200,0.00572,0.07174,0.2,800,0.0826,0.16206,0.2,800,0.09042,0.14099,rl_v2_reward
SeasonalForestSpring,000322_lcam_front_lidar.ply,0.10002,799,0.05795,0.10404,0.15001,500,0.05925,0.11653,0.25,200,0.00465,0.0621,0.2,800,0.00465,0.02483,0.2,800,0.08942,0.16998,rl_v2_reward
SeasonalForestSpring,000323_lcam_front_lidar.ply,0.10002,799,0.05819,0.10705,0.15001,500,0.07535,0.10406,0.25,200,0.00829,0.12358,0.2,800,0.08268,0.15894,0.2,800,0.09291,0.16884,rl_v2_reward
SeasonalForestSpring,000324_lcam_front_lidar.ply,0.10002,799,0.06833,0.10245,0.15001,500,0.0672,0.12474,0.25,200,0.00498,0.07412,0.2,800,0.08437,0.16583,0.2,800,0.07893,0.17407,rl
SeasonalForestSpring,000325_lcam_front_lidar.ply,0.10002,799,0.04401,0.07046,0.15001,500,0.04213,0.10573,0.25,200,0.00917,0.09496,0.2,800,0.09065,0.17725,0.2,800,0.08425,0.18601,rl
SeasonalForestSpring,000326_lcam_front_lidar.ply,0.10002,799,0.01854,0.04538,0.15001,500,0.04748,0.10091,0.25,200,0.00726,0.14715,0.2,800,0.08635,0.164,0.2,800,0.0842,0.16049,rl
SeasonalForestSpring,000327_lcam_front_lidar.ply,0.10002,799,0.0268,0.06908,0.15001,500,0.04237,0.12884,0.25,200,0.00706,0.15818,0.2,800,0.08464,0.16514,0.2,800,0.0829,0.16268,rl
SeasonalForestSpring,000328_lcam_front_lidar.ply,0.10002,799,0.00393,0.10753,0.15001,500,0.03903,0.10939,0.25,200,0.00772,0.17594,0.2,800,0.07791,0.16673,0.2,800,0.12674,0.18762,rl_v2_reward
SeasonalForestSpring,000329_lcam_front_lidar.ply,0.10002,799,0.07957,0.12437,0.15001,500,0.0058,0.12429,0.25,200,0.00711,0.16996,0.2,800,0.08357,0.18018,0.2,800,0.09365,0.18842,rl_v2_reward
SeasonalForestSpring,000330_lcam_front_lidar.ply,0.10002,799,0.03298,0.07147,0.15001,500,0.0225,0.10805,0.25,200,0.00462,0.08155,0.2,800,0.08368,0.16484,0.2,800,0.07721,0.1763,rl
SeasonalForestSpring,000331_lcam_front_lidar.ply,0.10002,799,0.14735,0.13321,0.15001,500,0.01972,0.12877,0.25,200,0.00462,0.07645,0.2,800,0.07643,0.12823,0.2,800,0.07284,0.12979,strict
SeasonalForestSpring,000332_lcam_front_lidar.ply,0.10002,799,0.01855,0.04683,0.15001,500,0.00508,0.01959,0.25,200,0.00894,0.08043,0.2,800,0.12275,0.18925,0.2,800,0.08661,0.19001,rl
SeasonalForestSpring,000333_lcam_front_lidar.ply,0.10002,799,0.03337,0.05867,0.15001,500,0.0317,0.09513,0.25,200,0.00821,0.13095,0.2,800,0.09246,0.16122,0.2,800,0.08463,0.16688,rl
SeasonalForestSpring,000334_lcam_front_lidar.ply,0.10002,799,0.02028,0.05337,0.15001,500,0.06776,0.11913,0.25,200,0.00499,0.02627,0.2,800,0.08515,0.1812,0.2,800,0.08191,0.1497,rl
SeasonalForestSpring,000335_lcam_front_lidar.ply,0.10002,799,0.11046,0.13005,0.15001,500,0.00799,0.19109,0.25,200,0.00941,0.12555,0.2,800,0.0872,0.19049,0.2,800,0.0615,0.12203,strict
SeasonalForestSpring,000336_lcam_front_lidar.ply,0.10002,799,0.04464,0.08344,0.15001,500,0.06252,0.11846,0.25,200,0.00485,0.05835,0.2,800,0.06814,0.1345,0.2,800,0.08472,0.17993,rl_v2_reward
SeasonalForestSpring,000337_lcam_front_lidar.ply,0.10002,799,0.0715,0.09348,0.15001,500,0.03393,0.10069,0.25,200,0.00679,0.07027,0.2,800,0.11751,0.18449,0.2,800,0.07772,0.14495,rl
SeasonalForestSpring,000338_lcam_front_lidar.ply,0.10002,799,0.10025,0.09181,0.15001,500,0.03015,0.10557,0.25,200,0.00551,0.29335,0.2,800,0.09134,0.17701,0.2,800,0.07736,0.16439,strict
SeasonalForestSpring,000339_lcam_front_lidar.ply,0.10002,799,0.03718,0.09009,0.15001,500,0.05973,0.11953,0.25,200,0.00275,0.05712,0.2,800,0.08871,0.16963,0.2,800,0.12722,0.19175,rl_v2_reward
SeasonalForestSpring,000340_lcam_front_lidar.ply,0.10002,799,0.06398,0.14702,0.15001,500,0.04729,0.11032,0.25,200,0.00474,0.03483,0.2,800,0.07734,0.16342,0.2,800,0.13093,0.1849,rl_v2_reward
SeasonalForestSpring,000341_lcam_front_lidar.ply,0.10002,799,0.0035,0.10753,0.15001,500,0.00521,0.01854,0.25,200,0.00535,0.05077,0.2,800,0.21518,0.2062,0.2,800,0.21549,0.20902,rl_v2_reward
SeasonalForestSpring,000342_lcam_front_lidar.ply,0.10002,799,0.47004,0.0502,0.15001,500,0.02554,0.09143,0.25,200,0.00065,0.00035,0.2,800,0.132,0.19276,0.2,800,0.13533,0.19564,strict
SeasonalForestSpring,000343_lcam_front_lidar.ply,0.10002,799,0.46159,0.06843,0.15001,500,0.49588,0.07801,0.25,200,0.01231,0.13226,0.2,800,0.1633,0.16899,0.2,800,0.16623,0.17727,standard
SeasonalForestSpring,000344_lcam_front_lidar.ply,0.10002,799,0.41701,0.05667,0.15001,500,0.03146,0.10371,0.25,200,0.00507,0.04729,0.2,800,0.16696,0.18384,0.2,800,0.17032,0.18943,strict
SeasonalForestSpring,000345_lcam_front_lidar.ply,0.10002,799,0.32401,0.08116,0.15001,500,0.00244,0.00203,0.25,200,0.00476,0.03845,0.2,800,0.1256,0.18213,0.2,800,0.12991,0.1986,strict
SeasonalForestSpring,000346_lcam_front_lidar.ply,0.10002,799,0.02994,0.08988,0.15001,500,0.03608,0.12129,0.25,200,0.00663,0.03942,0.2,800,0.11677,0.19544,0.2,800,0.12006,0.19938,rl_v2_reward
SeasonalForestSpring,000347_lcam_front_lidar.ply,0.10002,799,0.23733,0.05811,0.15001,500,0.02236,0.10406,0.25,200,0.0052,0.04239,0.2,800,0.06313,0.11984,0.2,800,0.0595,0.08556,strict
SeasonalForestSpring,000348_lcam_front_lidar.ply,0.10002,799,0.19447,0.06203,0.15001,500,0.02865,0.10237,0.25,200,0.00538,0.03818,0.2,800,0.14258,0.17743,0.2,800,0.05799,0.12624,strict
SeasonalForestSpring,000349_lcam_front_lidar.ply,0.10002,799,0.00232,0.00049,0.15001,500,0.25667,0.11347,0.25,200,0.00288,0.03398,0.2,800,0.14162,0.18252,0.2,800,0.13943,0.18053,standard
SeasonalForestSpring,000350_lcam_front_lidar.ply,0.10002,799,0.04934,0.11957,0.15001,500,0.2398,0.13279,0.25,200,0.00308,0.03861,0.2,800,0.14194,0.17194,0.2,800,0.14055,0.17178,standard
SeasonalForestSpring,000351_lcam_front_lidar.ply,0.10002,799,0.0931,0.08148,0.15001,500,0.00463,0.09597,0.25,200,0.00392,0.01857,0.2,800,0.14462,0.17994,0.2,800,0.14565,0.17424,rl_v2_reward
SeasonalForestSpring,000352_lcam_front_lidar.ply,0.10002,799,0.01911,0.09265,0.15001,500,0.0636,0.10943,0.25,200,0.00204,0.02286,0.2,800,0.13345,0.17781,0.2,800,0.04179,0.12117,rl
SeasonalForestSpring,000353_lcam_front_lidar.ply,0.10002,799,0.00651,0.05617,0.15001,500,0.00603,0.05605,0.25,200,0.00799,0.07339,0.2,800,0.06923,0.13488,0.2,800,0.0692,0.14217,rl
SeasonalForestSpring,000354_lcam_front_lidar.ply,0.10002,799,0.00571,0.03091,0.15001,500,0.00245,0.11046,0.25,200,0.00715,0.03655,0.2,800,0.12751,0.16799,0.2,800,0.12357,0.15443,rl
SeasonalForestSpring,000355_lcam_front_lidar.ply,0.10002,799,0.01951,0.0582,0.15001,500,0.00313,0.00149,0.25,200,0.00483,0.02172,0.2,800,0.07329,0.16708,0.2,800,0.06668,0.12232,rl
SeasonalForestSpring,000356_lcam_front_lidar.ply,0.10002,799,0.09761,0.08027,0.15001,500,0.02224,0.12165,0.25,200,0.00157,0.00912,0.2,800,0.11875,0.15922,0.2,800,0.06026,0.15485,rl
SeasonalForestSpring,000357_lcam_front_lidar.ply,0.10002,799,0.08456,0.07151,0.15001,500,0.04432,0.11774,0.25,200,0.00496,0.01378,0.2,800,0.05611,0.15015,0.2,800,0.05374,0.12506,strict
SeasonalForestSpring,000358_lcam_front_lidar.ply,0.10002,799,0.03677,0.08287,0.15001,500,0.00337,0.0034,0.25,200,0.00206,0.00961,0.2,800,0.11699,0.15646,0.2,800,0.12024,0.16951,rl_v2_reward
SeasonalForestSpring,000359_lcam_front_lidar.ply,0.10002,799,0.12085,0.08756,0.15001,500,0.04021,0.12022,0.25,200,0.00479,0.03401,0.2,800,0.11691,0.13551,0.2,800,0.04489,0.13703,strict
SeasonalForestSpring,000360_lcam_front_lidar.ply,0.10002,799,0.04044,0.09269,0.15001,500,0.04857,0.12381,0.25,200,0.00176,0.00826,0.2,800,0.14613,0.16132,0.2,800,0.14619,0.15195,rl_v2_reward
SeasonalForestSpring,000361_lcam_front_lidar.ply,0.10002,799,0.02741,0.0821,0.15001,500,0.04567,0.10127,0.25,200,0.00597,0.06252,0.2,800,0.14164,0.1859,0.2,800,0.1387,0.17944,rl
SeasonalForestSpring,000362_lcam_front_lidar.ply,0.10002,799,0.04403,0.09579,0.15001,500,0.02405,0.04706,0.25,200,0.0044,0.01052,0.2,800,0.11703,0.14217,0.2,800,0.11315,0.13005,rl
SeasonalForestSpring,000363_lcam_front_lidar.ply,0.10002,799,0.04048,0.09828,0.15001,500,0.00169,0.00452,0.25,200,0.00672,0.07694,0.2,800,0.13477,0.13838,0.2,800,0.13629,0.14343,rl_v2_reward
SeasonalForestSpring,000364_lcam_front_lidar.ply,0.10002,799,0.04813,0.07978,0.15001,500,0.02201,0.0833,0.25,200,0.00735,0.0991,0.2,800,0.13893,0.15765,0.2,800,0.13828,0.15143,rl
SeasonalForestSpring,000365_lcam_front_lidar.ply,0.10002,799,0.04456,0.10134,0.15001,500,0.00416,0.00408,0.25,200,0.00651,0.1186,0.2,800,0.13408,0.12598,0.2,800,0.13646,0.13096,rl_v2_reward
SeasonalForestSpring,000366_lcam_front_lidar.ply,0.10002,799,0.0424,0.09486,0.15001,500,0.00209,0.01295,0.25,200,0.00822,0.10696,0.2,800,0.13739,0.12919,0.2,800,0.14589,0.15404,rl_v2_reward
SeasonalForestSpring,000367_lcam_front_lidar.ply,0.10002,799,0.04628,0.09847,0.15001,500,0.00258,0.00242,0.25,200,0.00777,0.08006,0.2,800,0.13938,0.13978,0.2,800,0.13332,0.11837,rl
SeasonalForestSpring,000368_lcam_front_lidar.ply,0.10002,799,0.04202,0.1067,0.15001,500,0.06259,0.14341,0.25,200,0.00423,0.04049,0.2,800,0.13169,0.12158,0.2,800,0.15446,0.15192,rl_v2_reward
SeasonalForestSpring,000369_lcam_front_lidar.ply,0.10002,799,0.13348,0.06371,0.15001,500,0.01089,0.17527,0.25,200,0.00907,0.06023,0.2,800,0.03094,0.1062,0.2,800,0.14529,0.14369,rl_v2_reward
SeasonalForestSpring,000370_lcam_front_lidar.ply,0.10002,799,0.1371,0.06818,0.15001,500,0.00205,0.00979,0.25,200,0.00853,0.04832,0.2,800,0.13609,0.1319,0.2,800,0.13841,0.14333,rl_v2_reward
SeasonalForestSpring,000371_lcam_front_lidar.ply,0.10002,799,0.04311,0.11469,0.15001,500,0.06307,0.16691,0.25,200,0.00212,0.00889,0.2,800,0.13747,0.12143,0.2,800,0.1416,0.12794,rl_v2_reward
SeasonalForestSpring,000372_lcam_front_lidar.ply,0.10002,799,0.04283,0.11634,0.15001,500,0.02366,0.12821,0.25,200,0.00468,0.03708,0.2,800,0.14623,0.1315,0.2,800,0.1411,0.11551,rl
SeasonalForestSpring,000373_lcam_front_lidar.ply,0.10002,799,0.15189,0.05775,0.15001,500,0.02857,0.11537,0.25,200,0.00312,0.0226,0.2,800,0.14067,0.12645,0.2,800,0.13887,0.11657,strict
SeasonalForestSpring,000374_lcam_front_lidar.ply,0.10002,799,0.02559,0.08629,0.15001,500,0.0214,0.07039,0.25,200,0.00125,0.01824,0.2,800,0.14002,0.12263,0.2,800,0.13775,0.11655,rl
SeasonalForestSpring,000375_lcam_front_lidar.ply,0.10002,799,0.03471,0.09425,0.15001,500,0.03621,0.10142,0.25,200,0.00545,0.08304,0.2,800,0.12541,0.09903,0.2,800,0.14088,0.12161,rl_v2_reward
SeasonalForestSpring,000376_lcam_front_lidar.ply,0.10002,799,0.00407,0.01248,0.15001,500,0.00375,0.00383,0.25,200,0.00602,0.06866,0.2,800,0.13048,0.11602,0.2,800,0.12939,0.11428,rl
SeasonalForestSpring,000377_lcam_front_lidar.ply,0.10002,799,0.03672,0.11001,0.15001,500,0.00149,0.16647,0.25,200,0.00676,0.0141,0.2,800,0.13712,0.12074,0.2,800,0.13216,0.11534,rl
SeasonalForestSpring,000378_lcam_front_lidar.ply,0.10002,799,0.13688,0.0634,0.15001,500,0.0229,0.10485,0.25,200,0.00945,0.05439,0.2,800,0.12057,0.09933,0.2,800,0.12114,0.10065,strict
SeasonalForestSpring,000379_lcam_front_lidar.ply,0.10002,799,0.13461,0.07527,0.15001,500,0.02589,0.10193,0.25,200,0.00077,0.12565,0.2,800,0.13905,0.13428,0.2,800,0.13836,0.13256,rl
SeasonalForestSpring,000380_lcam_front_lidar.ply,0.10002,799,0.13552,0.07573,0.15001,500,0.00684,0.00178,0.25,200,0.00951,0.05623,0.2,800,0.12886,0.11718,0.2,800,0.12726,0.11174,strict
SeasonalForestSpring,000381_lcam_front_lidar.ply,0.10002,799,0.13087,0.07671,0.15001,500,0.171,0.10416,0.25,200,0.00073,0.00332,0.2,800,0.12333,0.11191,0.2,800,0.12647,0.12714,standard
SeasonalForestSpring,000382_lcam_front_lidar.ply,0.10002,799,0.13965,0.07512,0.15001,500,0.0243,0.09817,0.25,200,0.00997,0.02134,0.2,800,0.13648,0.12445,0.2,800,0.13651,0.12448,strict
SeasonalForestSpring,000383_lcam_front_lidar.ply,0.10002,799,0.13666,0.07516,0.15001,500,0.02166,0.1103,0.25,200,0.00066,0.22771,0.2,800,0.12059,0.11413,0.2,800,0.12276,0.1174,strict
SeasonalForestSpring,000384_lcam_front_lidar.ply,0.10002,799,0.13679,0.0761,0.15001,500,0.01836,0.1029,0.25,200,0.00751,0.06363,0.2,800,0.12301,0.12567,0.2,800,0.12269,0.12321,strict
SeasonalForestSpring,000385_lcam_front_lidar.ply,0.10002,799,0.14051,0.07887,0.15001,500,0.02362,0.0962,0.25,200,0.02597,0.20419,0.2,800,0.11769,0.10496,0.2,800,0.12164,0.11702,strict
SeasonalForestSpring,000386_lcam_front_lidar.ply,0.10002,799,0.15018,0.08013,0.15001,500,0.02304,0.09994,0.25,200,0.009,0.03053,0.2,800,0.1218,0.11789,0.2,800,0.13357,0.11909,strict
SeasonalForestSpring,000387_lcam_front_lidar.ply,0.10002,799,0.13746,0.08341,0.15001,500,0.02163,0.09809,0.25,200,0.00955,0.04985,0.2,800,0.11312,0.12189,0.25,800,0.15021,0.15963,rl_v2_reward
SeasonalForestSpring,000388_lcam_front_lidar.ply,0.10002,799,0.12153,0.08659,0.15001,500,0.02115,0.10389,0.25,200,0.00622,0.01111,0.2,800,0.1211,0.14221,0.2,800,0.1187,0.13201,strict
SeasonalForestSpring,000389_lcam_front_lidar.ply,0.10002,799,0.1162,0.08987,0.15001,500,0.01991,0.10568,0.25,200,0.006,0.11479,0.2,800,0.121,0.13934,0.2,800,0.12387,0.14255,rl_v2_reward
SeasonalForestSpring,000390_lcam_front_lidar.ply,0.10002,799,0.11407,0.08594,0.15001,500,0.01528,0.09248,0.25,200,0.00744,0.0014,0.2,800,0.11973,0.14434,0.25,800,0.14946,0.17968,rl_v2_reward
SeasonalForestSpring,000391_lcam_front_lidar.ply,0.10002,799,0.04017,0.06639,0.15001,500,0.01747,0.09657,0.25,200,0.00422,0.09498,0.2,800,0.11816,0.13729,0.2,800,0.11882,0.13495,rl_v2_reward
SeasonalForestSpring,000392_lcam_front_lidar.ply,0.10002,799,0.0334,0.06266,0.15001,500,0.16005,0.12657,0.25,200,0.00641,0.00172,0.2,800,0.10753,0.12661,0.2,800,0.11016,0.13563,standard
SeasonalForestSpring,000393_lcam_front_lidar.ply,0.10002,799,0.03669,0.06861,0.15001,500,0.14454,0.14246,0.25,200,0.0069,0.00325,0.2,800,0.11165,0.15608,0.2,800,0.11466,0.16025,standard
SeasonalForestSpring,000394_lcam_front_lidar.ply,0.10002,799,0.02758,0.06689,0.15001,500,0.1547,0.1368,0.25,200,0.01682,0.17926,0.2,800,0.11796,0.15506,0.25,800,0.13547,0.18996,standard
SeasonalForestSpring,000395_lcam_front_lidar.ply,0.10002,799,0.07163,0.11405,0.15001,500,0.14102,0.15078,0.25,200,0.00501,0.00387,0.2,800,0.11385,0.16472,0.2,800,0.11518,0.16375,standard
SeasonalForestSpring,000396_lcam_front_lidar.ply,0.10002,799,0.0372,0.0841,0.15001,500,0.15602,0.14906,0.25,200,0.00491,0.00111,0.2,800,0.0693,0.17642,0.2,800,0.07008,0.17598,standard
SeasonalForestSpring,000397_lcam_front_lidar.ply,0.10002,799,0.07895,0.09205,0.15001,500,0.1653,0.15834,0.25,200,0.00414,0.17035,0.2,800,0.1208,0.16555,0.2,800,0.07265,0.13286,standard
SeasonalForestSpring,000398_lcam_front_lidar.ply,0.10002,799,0.07659,0.12514,0.15001,500,0.16429,0.16132,0.25,200,0.00452,0.01724,0.2,800,0.10363,0.16459,0.2,800,0.11474,0.16617,standard
SeasonalForestSpring,000399_lcam_front_lidar.ply,0.10002,799,0.06293,0.09464,0.15001,500,0.01137,0.05544,0.25,200,0.00466,0.01432,0.2,800,0.12948,0.18103,0.2,800,0.13051,0.18254,rl_v2_reward
SeasonalForestSpring,000400_lcam_front_lidar.ply,0.10002,799,0.04476,0.09116,0.15001,500,0.09749,0.12876,0.25,200,0.00112,0.00076,0.2,800,0.10098,0.14781,0.2,800,0.12856,0.18206,rl_v2_reward
SeasonalForestSpring,000401_lcam_front_lidar.ply,0.10002,799,0.04921,0.09646,0.15001,500,0.01449,0.08162,0.25,200,0.00444,0.0015,0.2,800,0.10418,0.14789,0.2,800,0.11569,0.17306,rl_v2_reward
SeasonalForestSpring,000402_lcam_front_lidar.ply,0.10002,799,0.05118,0.10685,0.15001,500,0.0161,0.07804,0.25,200,0.00726,0.00965,0.2,800,0.12107,0.17502,0.25,800,0.1482,0.20637,rl_v2_reward
SeasonalForestSpring,000403_lcam_front_lidar.ply,0.10002,799,0.0645,0.1018,0.15001,500,0.01912,0.08012,0.25,200,0.0036,0.00242,0.2,800,0.12149,0.15685,0.25,800,0.15824,0.2067,rl_v2_reward
SeasonalForestSpring,000404_lcam_front_lidar.ply,0.10002,799,0.06219,0.11502,0.15001,500,0.09874,0.14686,0.25,200,0.0007,0.00076,0.2,800,0.12787,0.17722,0.2,800,0.12708,0.17966,rl
SeasonalForestSpring,000405_lcam_front_lidar.ply,0.10002,799,0.05988,0.06908,0.15001,500,0.01723,0.06868,0.25,200,0.00347,0.00202,0.2,800,0.15462,0.17514,0.2,800,0.15358,0.17547,rl
SeasonalForestSpring,000406_lcam_front_lidar.ply,0.10002,799,0.06585,0.06957,0.15001,500,0.01821,0.06241,0.25,200,0.00919,0.13529,0.2,800,0.13957,0.16341,0.2,800,0.11329,0.12023,rl
SeasonalForestSpring,000407_lcam_front_lidar.ply,0.10002,799,0.08238,0.10775,0.15001,500,0.18796,0.14235,0.25,200,0.0107,0.23313,0.2,800,0.15773,0.16158,0.2,800,0.15177,0.16137,standard
SeasonalForestSpring,000408_lcam_front_lidar.ply,0.10002,799,0.06904,0.09284,0.15001,500,0.17281,0.12563,0.25,200,0.00322,0.00128,0.2,800,0.15241,0.16659,0.2,800,0.14361,0.16472,standard
SeasonalForestSpring,000409_lcam_front_lidar.ply,0.10002,799,0.12753,0.08593,0.15001,500,0.19685,0.13793,0.25,200,0.00116,0.16414,0.2,800,0.15337,0.15065,0.25,800,0.16395,0.16462,standard
SeasonalForestSpring,000410_lcam_front_lidar.ply,0.10002,799,0.06304,0.06556,0.15001,500,0.20134,0.13699,0.25,200,0.00559,0.00099,0.2,800,0.13729,0.15313,0.25,800,0.1693,0.17959,standard
SeasonalForestSpring,000411_lcam_front_lidar.ply,0.10002,799,0.11943,0.0701,0.15001,500,0.17093,0.11429,0.25,200,0.0007,0.00244,0.2,800,0.15718,0.15164,0.25,800,0.17575,0.16548,rl_v2_reward
SeasonalForestSpring,000412_lcam_front_lidar.ply,0.10002,799,0.12384,0.0706,0.15001,500,0.18857,0.1265,0.25,200,0.00712,0.2002,0.2,800,0.16069,0.14884,0.2,800,0.1733,0.15289,standard
SeasonalForestSpring,000413_lcam_front_lidar.ply,0.10002,799,0.11902,0.07432,0.15001,500,0.15593,0.09781,0.25,200,0.0062,0.00317,0.2,800,0.17203,0.14456,0.2,800,0.17272,0.14918,rl_v2_reward
SeasonalForestSpring,000414_lcam_front_lidar.ply,0.10002,799,0.12508,0.07171,0.15001,500,0.1466,0.09543,0.25,200,0.25759,0.16262,0.2,800,0.16756,0.14615,0.25,800,0.18064,0.15294,loose
SeasonalForestSpring,000415_lcam_front_lidar.ply,0.10002,799,0.09215,0.06696,0.15001,500,0.12745,0.08978,0.25,200,0.00431,0.00232,0.2,800,0.16779,0.14184,0.25,800,0.17938,0.15182,rl_v2_reward
SeasonalForestSpring,000416_lcam_front_lidar.ply,0.10002,799,0.09144,0.0639,0.15001,500,0.20253,0.12192,0.25,200,0.00436,0.00246,0.2,800,0.15468,0.13645,0.25,800,0.17128,0.14703,standard
SeasonalForestSpring,000417_lcam_front_lidar.ply,0.10002,799,0.11008,0.06958,0.15001,500,0.15229,0.09741,0.25,200,0.00512,0.00349,0.2,800,0.1622,0.1312,0.2,800,0.16553,0.13306,rl_v2_reward
SeasonalForestSpring,000418_lcam_front_lidar.ply,0.10002,799,0.07673,0.04714,0.15001,500,0.19052,0.12208,0.25,200,0.00485,0.16835,0.2,800,0.15795,0.14506,0.2,800,0.15695,0.14744,standard
SeasonalForestSpring,000419_lcam_front_lidar.ply,0.10002,799,0.08585,0.05348,0.15001,500,0.17613,0.11015,0.25,200,0.00444,0.00453,0.2,800,0.16923,0.13355,0.25,800,0.18093,0.1455,rl_v2_reward
SeasonalForestSpring,000420_lcam_front_lidar.ply,0.10002,799,0.11799,0.07907,0.15001,500,0.1735,0.11458,0.25,200,0.0044,0.12148,0.2,800,0.15539,0.13366,0.25,800,0.18421,0.15625,rl_v2_reward
SeasonalForestSpring,000421_lcam_front_lidar.ply,0.10002,799,0.0,0.0,0.15001,500,0.1411,0.1107,0.25,200,0.00174,0.00316,0.2,800,0.156,0.1269,0.25,800,0.17207,0.13969,rl_v2_reward
SeasonalForestSpring,000422_lcam_front_lidar.ply,0.10002,799,0.0,0.0,0.15001,500,0.00155,0.00058,0.25,200,0.00076,7e-05,0.2,800,0.16241,0.12423,0.2,800,0.16973,0.12553,rl_v2_reward
SeasonalForestSpring,000423_lcam_front_lidar.ply,0.10002,799,0.0,0.0,0.15001,500,0.17056,0.11863,0.25,200,0.00403,0.00987,0.2,800,0.15551,0.14215,0.2,800,0.15713,0.14439,standard
SeasonalForestSpring,000424_lcam_front_lidar.ply,0.10002,799,0.05766,0.0743,0.15001,500,0.19803,0.12867,0.25,200,0.00532,0.17015,0.2,800,0.16749,0.13507,0.2,800,0.16959,0.13856,standard
SeasonalForestSpring,000425_lcam_front_lidar.ply,0.10002,799,0.06566,0.06803,0.15001,500,0.18429,0.1334,0.25,200,0.00109,0.00424,0.2,800,0.16779,0.1395,0.2,800,0.16618,0.14024,standard
SeasonalForestSpring,000426_lcam_front_lidar.ply,0.10002,799,0.0633,0.09996,0.15001,500,0.11105,0.09774,0.25,200,0.26467,0.19963,0.2,800,0.16852,0.13784,0.2,800,0.16451,0.1372,loose
SeasonalForestSpring,000427_lcam_front_lidar.ply,0.10002,799,0.08337,0.08515,0.15001,500,0.19526,0.12677,0.25,200,0.2685,0.20194,0.2,800,0.15785,0.13458,0.2,800,0.15573,0.13446,loose
SeasonalForestSpring,000428_lcam_front_lidar.ply,0.10002,799,0.06539,0.08234,0.15001,500,0.18984,0.13074,0.25,200,0.00586,0.18653,0.2,800,0.16843,0.14539,0.2,800,0.16469,0.14168,standard
SeasonalForestSpring,000429_lcam_front_lidar.ply,0.10002,799,0.03553,0.07645,0.15001,500,0.1843,0.1326,0.25,200,0.25547,0.20761,0.2,800,0.1684,0.14305,0.2,800,0.16776,0.14158,loose
SeasonalForestSpring,000430_lcam_front_lidar.ply,0.10002,799,0.09351,0.08181,0.15001,500,0.20138,0.1389,0.25,200,0.00654,0.03337,0.2,800,0.0698,0.09264,0.2,800,0.16693,0.13644,standard
SeasonalForestSpring,000431_lcam_front_lidar.ply,0.10002,799,0.03486,0.05916,0.15001,500,0.05863,0.08362,0.25,200,0.26105,0.19662,0.2,800,0.04676,0.0868,0.2,800,0.0477,0.08558,loose
SeasonalForestSpring,000432_lcam_front_lidar.ply,0.10002,799,0.0445,0.07412,0.15001,500,0.05237,0.08615,0.25,200,0.26674,0.19807,0.2,800,0.1661,0.13683,0.2,800,0.17702,0.13896,loose
SeasonalForestSpring,000433_lcam_front_lidar.ply,0.10002,799,0.02846,0.043,0.15001,500,0.01562,0.06191,0.25,200,0.27159,0.20161,0.2,800,0.16144,0.13488,0.2,800,0.16244,0.13616,loose
SeasonalForestSpring,000434_lcam_front_lidar.ply,0.10002,799,0.02612,0.04828,0.15001,500,0.0017,0.00236,0.25,200,0.27783,0.19654,0.2,800,0.17813,0.13206,0.2,800,0.18273,0.13238,loose
SeasonalForestSpring,000435_lcam_front_lidar.ply,0.10002,799,0.04116,0.10027,0.15001,500,0.2329,0.15017,0.25,200,0.27647,0.18314,0.2,800,0.16984,0.13301,0.2,800,0.17425,0.13411,loose
SeasonalForestSpring,000436_lcam_front_lidar.ply,0.10002,799,0.0422,0.09617,0.15001,500,0.23175,0.14598,0.25,200,0.00915,0.29401,0.2,800,0.17082,0.13507,0.2,800,0.16405,0.13274,standard
SeasonalForestSpring,000437_lcam_front_lidar.ply,0.10002,799,0.12479,0.09563,0.15001,500,0.23048,0.14129,0.25,200,0.28827,0.17904,0.2,800,0.17124,0.13683,0.2,800,0.17294,0.13934,loose
SeasonalForestSpring,000438_lcam_front_lidar.ply,0.10002,799,0.12853,0.10213,0.15001,500,0.23074,0.13772,0.25,200,0.28687,0.17143,0.2,800,0.17354,0.13554,0.2,800,0.16598,0.12796,loose
SeasonalForestSpring,000439_lcam_front_lidar.ply,0.10002,799,0.15749,0.09836,0.15001,500,0.23307,0.12998,0.25,200,0.29265,0.16602,0.2,800,0.16708,0.12785,0.2,800,0.17587,0.13539,loose
SeasonalForestSpring,000440_lcam_front_lidar.ply,0.10002,799,0.14875,0.08726,0.15001,500,0.23991,0.13061,0.25,200,0.00453,0.0107,0.2,800,0.18616,0.13152,0.2,800,0.17903,0.12796,standard
SeasonalForestSpring,000441_lcam_front_lidar.ply,0.10002,799,0.14665,0.08276,0.15001,500,0.24082,0.13682,0.25,200,0.29626,0.16882,0.2,800,0.18327,0.13293,0.2,800,0.18239,0.13231,loose
SeasonalForestSpring,000442_lcam_front_lidar.ply,0.10002,799,0.15954,0.09068,0.15001,500,0.23766,0.13422,0.25,200,0.00548,0.01755,0.2,800,0.18375,0.13687,0.2,800,0.1791,0.13463,standard
SeasonalForestSpring,000443_lcam_front_lidar.ply,0.10002,799,0.13647,0.09031,0.15001,500,0.24764,0.1291,0.25,200,0.00508,0.02041,0.2,800,0.18768,0.12798,0.2,800,0.18719,0.12808,standard
SeasonalForestSpring,000444_lcam_front_lidar.ply,0.10002,799,0.13139,0.09546,0.15001,500,0.25307,0.13635,0.25,200,0.29095,0.16157,0.2,800,0.19222,0.13107,0.2,800,0.19239,0.12749,loose
SeasonalForestSpring,000445_lcam_front_lidar.ply,0.10002,799,0.06981,0.08639,0.15001,500,0.24366,0.12645,0.25,200,0.00428,0.01607,0.2,800,0.19558,0.13215,0.2,800,0.19604,0.13189,standard
SeasonalForestSpring,000446_lcam_front_lidar.ply,0.10002,799,0.18391,0.10674,0.15001,500,0.25395,0.13185,0.25,200,0.00827,0.09365,0.2,800,0.19522,0.13428,0.2,800,0.1953,0.13428,standard
SeasonalForestSpring,000447_lcam_front_lidar.ply,0.10002,799,0.13557,0.10526,0.15001,500,0.00519,0.00957,0.25,200,0.00529,0.02275,0.2,800,0.20216,0.13249,0.2,800,0.20267,0.13281,rl_v2_reward
SeasonalForestSpring,000448_lcam_front_lidar.ply,0.10002,799,0.11374,0.08342,0.15001,500,0.25237,0.12692,0.25,200,0.28893,0.15493,0.2,800,0.18214,0.12861,0.2,800,0.18254,0.128,loose
SeasonalForestSpring,000449_lcam_front_lidar.ply,0.10002,799,0.14626,0.093,0.15001,500,0.24836,0.12115,0.25,200,0.00401,0.0025,0.2,800,0.18495,0.12777,0.2,800,0.18965,0.13125,standard
SeasonalForestSpring,000450_lcam_front_lidar.ply,0.10002,799,0.11822,0.10035,0.15001,500,0.25635,0.12702,0.25,200,0.30555,0.15618,0.2,800,0.18532,0.12943,0.2,800,0.18535,0.12945,loose
SeasonalForestSpring,000451_lcam_front_lidar.ply,0.10002,799,0.17614,0.09045,0.15001,500,0.00479,0.00725,0.25,200,0.30456,0.15135,0.2,800,0.19428,0.12935,0.2,800,0.19833,0.12922,loose
SeasonalForestSpring,000452_lcam_front_lidar.ply,0.10002,799,0.1624,0.09118,0.15001,500,0.24688,0.1192,0.25,200,0.00432,0.00228,0.2,800,0.18069,0.13156,0.2,800,0.1805,0.13115,standard
SeasonalForestSpring,000453_lcam_front_lidar.ply,0.10002,799,0.13073,0.07141,0.15001,500,0.00836,0.03762,0.25,200,0.0042,0.00294,0.2,800,0.18376,0.12535,0.2,800,0.18342,0.12472,rl
SeasonalForestSpring,000454_lcam_front_lidar.ply,0.10002,799,0.12761,0.06608,0.15001,500,0.00908,0.03537,0.25,200,0.31228,0.15513,0.2,800,0.19817,0.13277,0.2,800,0.19439,0.13086,loose
SeasonalForestSpring,000455_lcam_front_lidar.ply,0.10002,799,0.12653,0.06493,0.15001,500,0.26392,0.12306,0.25,200,0.31524,0.15502,0.2,800,0.19753,0.13273,0.2,800,0.19278,0.12783,loose
SeasonalForestSpring,000456_lcam_front_lidar.ply,0.10002,799,0.11364,0.0582,0.15001,500,0.25378,0.11649,0.25,200,0.30788,0.14832,0.2,800,0.21046,0.12753,0.2,800,0.20711,0.12769,loose
SeasonalForestSpring,000457_lcam_front_lidar.ply,0.10002,799,0.12251,0.07335,0.15001,500,0.25163,0.11613,0.25,200,0.00554,0.00624,0.2,800,0.20635,0.13187,0.2,800,0.20879,0.13396,standard
SeasonalForestSpring,000458_lcam_front_lidar.ply,0.10002,799,0.11917,0.06156,0.15001,500,0.00436,0.01189,0.25,200,0.00407,0.00221,0.2,800,0.20598,0.1275,0.2,800,0.20013,0.13108,rl
SeasonalForestSpring,000459_lcam_front_lidar.ply,0.10002,799,0.18262,0.09127,0.15001,500,0.01222,0.04388,0.25,200,0.00571,0.1195,0.2,800,0.21063,0.13711,0.2,800,0.20783,0.13459,rl
SeasonalForestSpring,000460_lcam_front_lidar.ply,0.10002,799,0.11201,0.05644,0.15001,500,0.00495,0.01713,0.25,200,0.00578,0.00641,0.2,800,0.20166,0.13552,0.2,800,0.20025,0.13285,rl
SeasonalForestSpring,000461_lcam_front_lidar.ply,0.10002,799,0.18352,0.08778,0.15001,500,0.00198,0.00219,0.25,200,0.00742,0.00903,0.2,800,0.19665,0.12863,0.2,800,0.19665,0.12863,rl
SeasonalForestSpring,000462_lcam_front_lidar.ply,0.10002,799,0.19867,0.09743,0.15001,500,0.00294,0.00545,0.25,200,0.006,0.0061,0.2,800,0.19879,0.13344,0.2,800,0.19879,0.13345,rl
SeasonalForestSpring,000463_lcam_front_lidar.ply,0.10002,799,0.17575,0.09122,0.15001,500,0.24775,0.12346,0.25,200,0.01108,0.01316,0.2,800,0.19283,0.13104,0.2,800,0.18965,0.12814,standard
SeasonalForestSpring,000464_lcam_front_lidar.ply,0.10002,799,0.17428,0.09166,0.15001,500,0.23816,0.11817,0.25,200,0.01098,0.01334,0.2,800,0.19828,0.13897,0.2,800,0.19796,0.13881,standard
SeasonalForestSpring,000465_lcam_front_lidar.ply,0.10002,799,0.15258,0.08654,0.15001,500,0.24162,0.12287,0.25,200,0.0069,0.00377,0.2,800,0.19078,0.12727,0.2,800,0.19081,0.12726,standard
SeasonalForestSpring,000466_lcam_front_lidar.ply,0.10002,799,0.15285,0.09061,0.15001,500,0.24502,0.12287,0.25,200,0.02404,0.18054,0.2,800,0.19846,0.13968,0.2,800,0.1964,0.13934,standard
SeasonalForestSpring,000467_lcam_front_lidar.ply,0.10002,799,0.12953,0.09303,0.15001,500,0.23714,0.12182,0.25,200,0.00309,0.1814,0.2,800,0.1888,0.13951,0.2,800,0.19069,0.13832,standard
SeasonalForestSpring,000468_lcam_front_lidar.ply,0.10002,799,0.14024,0.08324,0.15001,500,0.2518,0.12806,0.25,200,0.00275,0.20282,0.2,800,0.19586,0.13909,0.2,800,0.19578,0.13843,standard
SeasonalForestSpring,000469_lcam_front_lidar.ply,0.10002,799,0.14057,0.08598,0.15001,500,0.01123,0.05824,0.25,200,0.00588,0.17927,0.2,800,0.20401,0.14696,0.2,800,0.20509,0.14241,rl_v2_reward
SeasonalForestSpring,000470_lcam_front_lidar.ply,0.10002,799,0.1301,0.07653,0.15001,500,0.0056,0.00904,0.25,200,0.0289,0.15923,0.2,800,0.19185,0.13593,0.2,800,0.19022,0.13677,rl
SeasonalForestSpring,000471_lcam_front_lidar.ply,0.10002,799,0.11782,0.08444,0.15001,500,0.24577,0.12929,0.25,200,0.00521,0.004,0.2,800,0.196,0.14705,0.2,800,0.19323,0.142,standard
SeasonalForestSpring,000472_lcam_front_lidar.ply,0.10002,799,0.11592,0.06297,0.15001,500,0.00975,0.00762,0.25,200,0.03011,0.14386,0.2,800,0.19715,0.14574,0.2,800,0.19753,0.14448,rl_v2_reward
SeasonalForestSpring,000473_lcam_front_lidar.ply,0.10002,799,0.07805,0.0718,0.15001,500,0.01285,0.01399,0.25,200,0.00508,0.0057,0.2,800,0.19637,0.14609,0.2,800,0.19874,0.14955,rl_v2_reward
SeasonalForestSpring,000474_lcam_front_lidar.ply,0.10002,799,0.07913,0.07477,0.15001,500,0.00942,0.02025,0.25,200,0.00663,0.00631,0.2,800,0.21089,0.14947,0.2,800,0.2106,0.14923,rl
SeasonalForestSpring,000475_lcam_front_lidar.ply,0.10002,799,0.07795,0.07712,0.15001,500,0.01283,0.01413,0.25,200,0.00621,0.0052,0.2,800,0.19629,0.15315,0.2,800,0.19565,0.14979,rl
SeasonalForestSpring,000476_lcam_front_lidar.ply,0.10002,799,0.08329,0.06853,0.15001,500,0.02166,0.12272,0.25,200,0.00531,0.00532,0.2,800,0.1967,0.1422,0.2,800,0.19727,0.13651,rl_v2_reward
SeasonalForestSpring,000477_lcam_front_lidar.ply,0.10002,799,0.08229,0.07233,0.15001,500,0.01373,0.017,0.25,200,0.01468,0.18904,0.2,800,0.19613,0.14722,0.2,800,0.19555,0.1509,rl
SeasonalForestSpring,000478_lcam_front_lidar.ply,0.10002,799,0.09611,0.05123,0.15001,500,0.02474,0.12117,0.25,200,0.00643,0.01842,0.2,800,0.19474,0.14729,0.2,800,0.19411,0.14276,rl
SeasonalForestSpring,000479_lcam_front_lidar.ply,0.10002,799,0.07034,0.069,0.15001,500,0.01201,0.00957,0.25,200,0.00632,0.0065,0.2,800,0.19877,0.14657,0.2,800,0.19849,0.14532,rl
SeasonalForestSpring,000480_lcam_front_lidar.ply,0.10002,799,0.09788,0.05985,0.15001,500,0.01204,0.00975,0.25,200,0.00655,0.00834,0.2,800,0.19087,0.14011,0.2,800,0.03542,0.12101,rl
SeasonalForestSpring,000481_lcam_front_lidar.ply,0.10002,799,0.0958,0.07025,0.15001,500,0.00434,0.00293,0.25,200,0.02827,0.13392,0.2,800,0.19518,0.14265,0.2,800,0.19479,0.14663,rl
SeasonalForestSpring,000482_lcam_front_lidar.ply,0.10002,799,0.08333,0.06582,0.15001,500,0.0136,0.0146,0.25,200,0.01114,0.1263,0.2,800,0.19079,0.14475,0.2,800,0.19563,0.14394,rl_v2_reward
SeasonalForestSpring,000483_lcam_front_lidar.ply,0.10002,799,0.156,0.09735,0.15001,500,0.02082,0.11168,0.25,200,0.03544,0.13214,0.2,800,0.17734,0.14509,0.2,800,0.18089,0.14606,rl_v2_reward
SeasonalForestSpring,000484_lcam_front_lidar.ply,0.10002,799,0.08639,0.07123,0.15001,500,0.01198,0.0125,0.25,200,0.00516,0.00551,0.2,800,0.17118,0.13265,0.2,800,0.17227,0.13249,rl_v2_reward
SeasonalForestSpring,000485_lcam_front_lidar.ply,0.10002,799,0.14669,0.09222,0.15001,500,0.01106,0.00964,0.25,200,0.0019,0.00082,0.2,800,0.03499,0.11452,0.2,800,0.17738,0.13639,rl_v2_reward
SeasonalForestSpring,000486_lcam_front_lidar.ply,0.10002,799,0.13917,0.0874,0.15001,500,0.19897,0.13403,0.25,200,0.03088,0.15565,0.2,800,0.17174,0.13964,0.2,800,0.16944,0.13947,standard
SeasonalForestSpring,000487_lcam_front_lidar.ply,0.10002,799,0.11979,0.08367,0.15001,500,0.18788,0.12589,0.25,200,0.00114,0.00024,0.2,800,0.03781,0.12114,0.2,800,0.16642,0.13891,standard
SeasonalForestSpring,000488_lcam_front_lidar.ply,0.10002,799,0.12692,0.0882,0.15001,500,0.02655,0.11447,0.25,200,0.00551,0.15892,0.2,800,0.17008,0.13648,0.2,800,0.16925,0.13555,rl
SeasonalForestSpring,000489_lcam_front_lidar.ply,0.10002,799,0.12452,0.08472,0.15001,500,0.01618,0.116,0.25,200,0.00244,0.00069,0.2,800,0.1681,0.13801,0.2,800,0.16645,0.13627,rl
SeasonalForestSpring,000490_lcam_front_lidar.ply,0.10002,799,0.11897,0.08379,0.15001,500,0.0031,0.00226,0.25,200,0.01712,0.11664,0.2,800,0.16029,0.1292,0.2,800,0.04188,0.13491,rl
SeasonalForestSpring,000491_lcam_front_lidar.ply,0.10002,799,0.12225,0.08762,0.15001,500,0.02455,0.09224,0.25,200,0.00112,0.00079,0.2,800,0.0449,0.13072,0.2,800,0.04493,0.13084,strict
SeasonalForestSpring,000492_lcam_front_lidar.ply,0.10002,799,0.10832,0.09505,0.15001,500,0.03159,0.14292,0.25,200,0.00224,0.00135,0.2,800,0.0481,0.1375,0.2,800,0.04703,0.12893,strict
SeasonalForestSpring,000493_lcam_front_lidar.ply,0.10002,799,0.11869,0.09157,0.15001,500,0.00125,0.04762,0.25,200,0.00125,0.12765,0.2,800,0.04846,0.12758,0.2,800,0.20321,0.15542,rl_v2_reward
SeasonalForestSpring,000494_lcam_front_lidar.ply,0.10002,799,0.11068,0.08658,0.15001,500,0.00683,0.18133,0.25,200,0.00867,0.17913,0.2,800,0.05749,0.14607,0.2,800,0.05659,0.14617,strict
SeasonalForestSpring,000495_lcam_front_lidar.ply,0.10002,799,0.10593,0.08272,0.15001,500,0.01391,0.13359,0.25,200,0.00431,0.17921,0.2,800,0.19532,0.15565,0.2,800,0.20422,0.16586,rl_v2_reward
SeasonalForestSpring,000496_lcam_front_lidar.ply,0.10002,799,0.10284,0.08378,0.15001,500,0.00096,0.00015,0.25,200,0.00625,0.10343,0.2,800,0.19736,0.15839,0.2,800,0.20818,0.16951,rl_v2_reward
SeasonalForestSpring,000497_lcam_front_lidar.ply,0.10002,799,0.09708,0.0833,0.15001,500,0.00446,0.0017,0.25,200,0.01498,0.1586,0.2,800,0.19612,0.16468,0.2,800,0.20624,0.16559,rl_v2_reward
SeasonalForestSpring,000498_lcam_front_lidar.ply,0.10002,799,0.08962,0.08841,0.15001,500,0.01072,0.09883,0.25,200,0.00767,0.15422,0.2,800,0.1935,0.16309,0.2,800,0.19918,0.16441,rl_v2_reward
SeasonalForestSpring,000499_lcam_front_lidar.ply,0.10002,799,0.08564,0.08519,0.15001,500,0.04813,0.14895,0.25,200,0.00891,0.152,0.2,800,0.18349,0.15704,0.2,800,0.18155,0.1594,rl
SeasonalForestSpring,000500_lcam_front_lidar.ply,0.10002,799,0.08167,0.08192,0.15001,500,0.06494,0.14628,0.25,200,0.06145,0.1656,0.2,800,0.18713,0.16477,0.2,800,0.18652,0.16602,rl
SeasonalForestSpring,000501_lcam_front_lidar.ply,0.10002,799,0.09211,0.0767,0.15001,500,0.14806,0.13251,0.25,200,0.01615,0.19917,0.2,800,0.18485,0.17103,0.2,800,0.19147,0.17445,rl_v2_reward
SeasonalForestSpring,000502_lcam_front_lidar.ply,0.10002,799,0.0,0.0,0.15001,500,0.17309,0.14068,0.25,200,0.01025,0.17097,0.2,800,0.19621,0.18161,0.2,800,0.18756,0.17146,rl
SeasonalForestSpring,000503_lcam_front_lidar.ply,0.10002,799,0.19276,0.09417,0.15001,500,0.20347,0.10523,0.25,200,0.01188,0.13086,0.2,800,0.19973,0.17657,0.2,800,0.2028,0.18161,standard
SeasonalForestSpring,000504_lcam_front_lidar.ply,0.10002,799,0.26735,0.06824,0.15001,500,0.27754,0.07326,0.25,200,0.01906,0.06847,0.2,800,0.1789,0.15535,0.2,800,0.18711,0.16561,standard
SeasonalForestSpring,000505_lcam_front_lidar.ply,0.10002,799,0.49409,0.06673,0.15001,500,0.50275,0.06868,0.25,200,0.0109,0.08943,0.2,800,0.19111,0.17549,0.2,800,0.18139,0.15686,standard
SeasonalForestSpring,000506_lcam_front_lidar.ply,0.10002,799,0.5612,0.04735,0.15001,500,0.5717,0.05033,0.25,200,0.00845,0.26111,0.15,800,0.13579,0.10845,0.2,800,0.16404,0.16483,standard
SeasonalForestSpring,000507_lcam_front_lidar.ply,0.10002,799,0.1523,0.10198,0.15001,500,0.2524,0.16494,0.25,200,0.04953,0.1637,0.2,800,0.21759,0.19381,0.2,800,0.22069,0.20841,standard
SeasonalForestSpring,000508_lcam_front_lidar.ply,0.10002,799,0.13164,0.09404,0.15001,500,0.17192,0.15438,0.25,200,0.01365,0.18975,0.2,800,0.0567,0.11005,0.2,800,0.20382,0.20062,rl_v2_reward
SeasonalForestSpring,000509_lcam_front_lidar.ply,0.10002,799,0.05726,0.1064,0.15001,500,0.02388,0.12269,0.25,200,0.02827,0.21626,0.2,800,0.21009,0.19098,0.2,800,0.21442,0.19079,rl_v2_reward
SeasonalForestSpring,000510_lcam_front_lidar.ply,0.10002,799,0.05299,0.11187,0.15001,500,0.02918,0.12738,0.25,200,0.00633,0.00595,0.2,800,0.21776,0.20561,0.2,800,0.21156,0.1946,rl
SeasonalForestSpring,000511_lcam_front_lidar.ply,0.10002,799,0.05262,0.08164,0.15001,500,0.03681,0.10202,0.25,200,0.00533,0.00365,0.2,800,0.21558,0.19651,0.2,800,0.21373,0.19643,rl
SeasonalForestSpring,000512_lcam_front_lidar.ply,0.10002,799,0.05278,0.08113,0.15001,500,0.03282,0.11805,0.25,200,0.02079,0.19305,0.2,800,0.21247,0.20632,0.2,800,0.21216,0.20461,rl
SeasonalForestSpring,000513_lcam_front_lidar.ply,0.10002,799,0.05287,0.09481,0.15001,500,0.08444,0.15609,0.25,200,0.00577,0.00558,0.2,800,0.21216,0.21101,0.2,800,0.20581,0.19924,rl
SeasonalForestSpring,000514_lcam_front_lidar.ply,0.10002,799,0.04147,0.08139,0.15001,500,0.0259,0.10653,0.25,200,0.00525,0.00394,0.2,800,0.19462,0.19277,0.2,800,0.20174,0.20946,rl_v2_reward
SeasonalForestSpring,000515_lcam_front_lidar.ply,0.10002,799,0.04831,0.08574,0.15001,500,0.02975,0.10918,0.25,200,0.01946,0.20673,0.2,800,0.20858,0.20488,0.2,800,0.21072,0.20632,rl_v2_reward
SeasonalForestSpring,000516_lcam_front_lidar.ply,0.10002,799,0.03899,0.08829,0.15001,500,0.02671,0.10127,0.25,200,0.01775,0.21273,0.2,800,0.20374,0.2166,0.2,800,0.19316,0.19607,rl
SeasonalForestSpring,000517_lcam_front_lidar.ply,0.10002,799,0.158,0.12074,0.15001,500,0.02911,0.12541,0.25,200,0.01992,0.24089,0.2,800,0.20268,0.19944,0.2,800,0.20419,0.20728,rl_v2_reward
SeasonalForestSpring,000518_lcam_front_lidar.ply,0.10002,799,0.13842,0.1186,0.15001,500,0.026,0.10967,0.25,200,0.01401,0.2733,0.2,800,0.20708,0.20242,0.2,800,0.20207,0.19203,rl
SeasonalForestSpring,000519_lcam_front_lidar.ply,0.10002,799,0.14304,0.1189,0.15001,500,0.03705,0.13556,0.25,200,0.02104,0.18191,0.2,800,0.19306,0.195,0.2,800,0.20417,0.20645,rl_v2_reward
SeasonalForestSpring,000520_lcam_front_lidar.ply,0.10002,799,0.20905,0.12069,0.15001,500,0.02765,0.12885,0.25,200,0.01198,0.26034,0.2,800,0.19744,0.19986,0.2,800,0.19213,0.1895,strict
SeasonalForestSpring,000521_lcam_front_lidar.ply,0.10002,799,0.0445,0.10278,0.15001,500,0.0246,0.13954,0.25,200,0.01348,0.31501,0.2,800,0.20326,0.19028,0.2,800,0.20113,0.19046,rl
SeasonalForestSpring,000522_lcam_front_lidar.ply,0.10002,799,0.2172,0.11361,0.15001,500,0.02832,0.16293,0.25,200,0.01552,0.16626,0.2,800,0.19485,0.1795,0.2,800,0.1937,0.178,strict
SeasonalForestSpring,000523_lcam_front_lidar.ply,0.10002,799,0.09236,0.10111,0.15001,500,0.0243,0.13774,0.25,200,0.01652,0.17616,0.2,800,0.20094,0.18334,0.2,800,0.20648,0.19498,rl_v2_reward
SeasonalForestSpring,000524_lcam_front_lidar.ply,0.10002,799,0.19694,0.12057,0.15001,500,0.02922,0.12776,0.25,200,0.01682,0.22118,0.2,800,0.20471,0.189,0.2,800,0.20196,0.18658,rl
SeasonalForestSpring,000525_lcam_front_lidar.ply,0.10002,799,0.09061,0.09167,0.15001,500,0.03358,0.12502,0.25,200,0.02818,0.20627,0.2,800,0.19347,0.188,0.2,800,0.19372,0.18652,rl_v2_reward
SeasonalForestSpring,000526_lcam_front_lidar.ply,0.10002,799,0.09548,0.08619,0.15001,500,0.02781,0.15229,0.25,200,0.01243,0.11694,0.2,800,0.19537,0.1812,0.2,800,0.19528,0.17815,rl
SeasonalForestSpring,000527_lcam_front_lidar.ply,0.10002,799,0.10553,0.09174,0.15001,500,0.02245,0.15929,0.25,200,0.0273,0.21542,0.2,800,0.20566,0.19311,0.2,800,0.20192,0.18695,rl
SeasonalForestSpring,000528_lcam_front_lidar.ply,0.10002,799,0.097,0.08489,0.15001,500,0.01839,0.17985,0.25,200,0.01086,0.24191,0.2,800,0.20497,0.19473,0.2,800,0.20168,0.18936,rl
SeasonalForestSpring,000529_lcam_front_lidar.ply,0.10002,799,0.09847,0.0885,0.15001,500,0.0253,0.11628,0.25,200,0.01769,0.26699,0.2,800,0.20313,0.18889,0.2,800,0.19966,0.18649,rl
SeasonalForestSpring,000530_lcam_front_lidar.ply,0.10002,799,0.10359,0.08544,0.15001,500,0.01878,0.12598,0.25,200,0.02418,0.22739,0.2,800,0.19594,0.19301,0.2,800,0.1961,0.18967,rl_v2_reward
SeasonalForestSpring,000531_lcam_front_lidar.ply,0.10002,799,0.11738,0.0826,0.15001,500,0.22089,0.16052,0.25,200,0.01835,0.21766,0.2,800,0.18491,0.18173,0.2,800,0.18876,0.19329,standard
SeasonalForestSpring,000532_lcam_front_lidar.ply,0.10002,799,0.11315,0.08636,0.15001,500,0.06532,0.15617,0.25,200,0.01889,0.29287,0.2,800,0.19445,0.19576,0.2,800,0.20119,0.20572,rl_v2_reward
SeasonalForestSpring,000533_lcam_front_lidar.ply,0.10002,799,0.06617,0.11171,0.15001,500,0.01834,0.14194,0.25,200,0.01632,0.22996,0.2,800,0.19788,0.20627,0.2,800,0.20075,0.20784,rl_v2_reward
SeasonalForestSpring,000534_lcam_front_lidar.ply,0.10002,799,0.07278,0.09052,0.15001,500,0.07975,0.1032,0.25,200,0.00877,0.20663,0.2,800,0.05638,0.1451,0.2,800,0.16889,0.18972,rl_v2_reward
SeasonalForestSpring,000535_lcam_front_lidar.ply,0.10002,799,0.21748,0.07443,0.15001,500,0.24238,0.09174,0.25,200,0.01323,0.2306,0.2,800,0.19996,0.19023,0.2,800,0.19359,0.18171,standard
SeasonalForestSpring,000536_lcam_front_lidar.ply,0.10002,799,0.18947,0.05799,0.15001,500,0.01324,0.14043,0.25,200,0.34704,0.19853,0.2,800,0.1526,0.19846,0.2,800,0.15325,0.21017,loose
SeasonalForestSpring,000537_lcam_front_lidar.ply,0.10002,799,0.08802,0.07758,0.15001,500,0.07102,0.21642,0.25,200,0.02628,0.28286,0.2,800,0.13954,0.1721,0.2,800,0.14879,0.20346,rl_v2_reward
SeasonalForestSpring,000538_lcam_front_lidar.ply,0.10002,799,0.23604,0.04926,0.15001,500,0.29652,0.08872,0.25,200,0.00802,0.244,0.2,800,0.13633,0.21093,0.2,800,0.1372,0.21406,standard
SeasonalForestSpring,000539_lcam_front_lidar.ply,0.10002,799,0.09369,0.06641,0.15001,500,0.09619,0.07168,0.25,200,0.00654,0.00707,0.2,800,0.10086,0.13852,0.2,800,0.10267,0.17356,rl_v2_reward
SeasonalForestSpring,000540_lcam_front_lidar.ply,0.10002,799,0.0808,0.1034,0.15001,500,0.02177,0.07109,0.25,200,0.37774,0.30474,0.2,800,0.14464,0.19024,0.2,800,0.07411,0.15684,loose
SeasonalForestSpring,000541_lcam_front_lidar.ply,0.10002,799,0.06439,0.12089,0.15001,500,0.02351,0.07436,0.25,200,0.02533,0.24746,0.2,800,0.07723,0.14586,0.2,800,0.08208,0.15338,rl_v2_reward
SeasonalForestSpring,000542_lcam_front_lidar.ply,0.10002,799,0.04817,0.11563,0.15001,500,0.15902,0.18287,0.25,200,0.02074,0.2231,0.2,800,0.06335,0.18933,0.2,800,0.05153,0.15047,standard
SeasonalForestSpring,000543_lcam_front_lidar.ply,0.10002,799,0.03684,0.09977,0.15001,500,0.03227,0.11419,0.25,200,0.02447,0.24983,0.2,800,0.06648,0.19573,0.2,800,0.11643,0.10803,rl_v2_reward
SeasonalForestSpring,000544_lcam_front_lidar.ply,0.10002,799,0.05714,0.10102,0.15001,500,0.08465,0.13448,0.25,200,0.00676,0.28033,0.2,800,0.12528,0.16012,0.2,800,0.11861,0.13624,rl
SeasonalForestSpring,000545_lcam_front_lidar.ply,0.10002,799,0.00996,0.09999,0.15001,500,0.01674,0.05785,0.25,200,0.01494,0.24588,0.2,800,0.10358,0.12656,0.2,800,0.11475,0.17926,rl_v2_reward
SeasonalForestSpring,000546_lcam_front_lidar.ply,0.10002,799,0.00188,0.0004,0.15001,500,0.18873,0.06272,0.25,200,0.39816,0.21682,0.2,800,0.12018,0.12496,0.2,800,0.11958,0.12187,loose
SeasonalForestSpring,000547_lcam_front_lidar.ply,0.10002,799,0.03624,0.06981,0.15001,500,0.00194,0.00043,0.25,200,0.00901,0.1175,0.2,800,0.08322,0.12844,0.2,800,0.08304,0.123,rl
SeasonalForestSpring,000548_lcam_front_lidar.ply,0.10002,799,0.01349,0.09509,0.15001,500,0.02003,0.10172,0.25,200,0.27061,0.24645,0.2,800,0.08915,0.16223,0.2,800,0.06696,0.13299,loose
SeasonalForestSpring,000549_lcam_front_lidar.ply,0.10002,799,0.0284,0.12502,0.15001,500,0.00163,0.22784,0.25,200,0.02703,0.15765,0.2,800,0.09177,0.18091,0.2,800,0.07145,0.13826,rl
SeasonalForestSpring,000550_lcam_front_lidar.ply,0.10002,799,0.06143,0.05306,0.15001,500,0.06621,0.06209,0.25,200,0.01544,0.19226,0.2,800,0.11709,0.21802,0.2,800,0.07308,0.12044,rl
SeasonalForestSpring,000551_lcam_front_lidar.ply,0.10002,799,0.01231,0.09596,0.15001,500,0.00226,0.00049,0.25,200,0.00661,0.15064,0.2,800,0.13675,0.21484,0.2,800,0.13657,0.20348,rl
SeasonalForestSpring,000552_lcam_front_lidar.ply,0.10002,799,0.047,0.10297,0.15001,500,0.21045,0.18097,0.25,200,0.03337,0.19111,0.2,800,0.13198,0.20592,0.2,800,0.13737,0.21741,standard
SeasonalForestSpring,000553_lcam_front_lidar.ply,0.10002,799,0.06927,0.11776,0.15001,500,0.22175,0.20497,0.25,200,0.03109,0.18001,0.2,800,0.13514,0.22474,0.2,800,0.1379,0.22197,standard
SeasonalForestSpring,000554_lcam_front_lidar.ply,0.10002,799,0.05861,0.11283,0.15001,500,0.00159,0.00032,0.25,200,0.02492,0.17066,0.2,800,0.12359,0.20777,0.2,800,0.1239,0.21278,rl_v2_reward
SeasonalForestSpring,000555_lcam_front_lidar.ply,0.10002,799,0.07154,0.10767,0.15001,500,0.00155,0.00051,0.25,200,0.00198,0.00086,0.2,800,0.13862,0.21528,0.2,800,0.12589,0.20977,rl
SeasonalForestSpring,000556_lcam_front_lidar.ply,0.10002,799,0.07182,0.10345,0.15001,500,0.22288,0.17133,0.25,200,0.00465,0.00468,0.2,800,0.153,0.2238,0.2,800,0.14744,0.21229,standard
SeasonalForestSpring,000557_lcam_front_lidar.ply,0.10002,799,0.03006,0.0904,0.15001,500,0.20636,0.19351,0.25,200,0.00611,0.00458,0.2,800,0.14755,0.21452,0.2,800,0.14684,0.21756,standard
SeasonalForestSpring,000558_lcam_front_lidar.ply,0.10002,799,0.08147,0.10409,0.15001,500,0.18816,0.18097,0.25,200,0.00969,0.00689,0.2,800,0.14354,0.21544,0.2,800,0.13853,0.20423,standard
SeasonalForestSpring,000559_lcam_front_lidar.ply,0.10002,799,0.10396,0.11056,0.15001,500,0.02496,0.14463,0.25,200,0.0291,0.17004,0.2,800,0.14582,0.21642,0.2,800,0.14689,0.21368,rl_v2_reward
SeasonalForestSpring,000560_lcam_front_lidar.ply,0.10002,799,0.08946,0.11087,0.15001,500,0.19445,0.18046,0.25,200,0.00653,0.01159,0.2,800,0.14797,0.20379,0.2,800,0.1543,0.21601,standard
SeasonalForestSpring,000561_lcam_front_lidar.ply,0.10002,799,0.10188,0.10909,0.15001,500,0.14676,0.15851,0.25,200,0.00667,0.01214,0.2,800,0.14794,0.19796,0.2,800,0.15893,0.21029,rl_v2_reward
SeasonalForestSpring,000562_lcam_front_lidar.ply,0.10002,799,0.10037,0.10454,0.15001,500,0.20238,0.17276,0.25,200,0.02282,0.17321,0.2,800,0.1328,0.17107,0.2,800,0.14422,0.19114,standard
SeasonalForestSpring,000563_lcam_front_lidar.ply,0.10002,799,0.10145,0.11363,0.15001,500,0.04983,0.1803,0.25,200,0.01054,0.11501,0.2,800,0.14444,0.21079,0.2,800,0.14696,0.21235,rl_v2_reward
SeasonalForestSpring,000564_lcam_front_lidar.ply,0.10002,799,0.10663,0.11332,0.15001,500,0.19928,0.16966,0.25,200,0.00822,0.02408,0.2,800,0.14781,0.18827,0.2,800,0.14847,0.186,standard
SeasonalForestSpring,000565_lcam_front_lidar.ply,0.10002,799,0.10405,0.11008,0.15001,500,0.21613,0.17821,0.25,200,0.02857,0.17987,0.2,800,0.15335,0.20014,0.2,800,0.15871,0.22906,standard
SeasonalForestSpring,000566_lcam_front_lidar.ply,0.10002,799,0.10685,0.11289,0.15001,500,0.02845,0.05886,0.25,200,0.00599,0.01779,0.2,800,0.14555,0.19465,0.2,800,0.13947,0.18276,rl
SeasonalForestSpring,000567_lcam_front_lidar.ply,0.10002,799,0.11525,0.09987,0.15001,500,0.04169,0.15289,0.25,200,0.00664,0.01271,0.2,800,0.15165,0.19956,0.2,800,0.14982,0.19525,rl
SeasonalForestSpring,000568_lcam_front_lidar.ply,0.10002,799,0.11449,0.1161,0.15001,500,0.02401,0.08727,0.25,200,0.0255,0.15538,0.2,800,0.14437,0.1802,0.2,800,0.1581,0.20048,rl_v2_reward
SeasonalForestSpring,000569_lcam_front_lidar.ply,0.10002,799,0.11845,0.1183,0.15001,500,0.0339,0.13506,0.25,200,0.00799,0.14869,0.2,800,0.14916,0.19729,0.2,800,0.15396,0.20052,rl_v2_reward
SeasonalForestSpring,000570_lcam_front_lidar.ply,0.10002,799,0.11481,0.11473,0.15001,500,0.03776,0.13465,0.25,200,0.02853,0.25664,0.2,800,0.14591,0.19999,0.2,800,0.15971,0.19704,rl_v2_reward
SeasonalForestSpring,000571_lcam_front_lidar.ply,0.10002,799,0.13067,0.10454,0.15001,500,0.03121,0.13184,0.25,200,0.02177,0.26765,0.2,800,0.15985,0.19693,0.2,800,0.15724,0.19378,rl
SeasonalForestSpring,000572_lcam_front_lidar.ply,0.10002,799,0.12337,0.10633,0.15001,500,0.03279,0.13038,0.25,200,0.02415,0.19184,0.2,800,0.16659,0.19733,0.2,800,0.16159,0.19999,rl
SeasonalForestSpring,000573_lcam_front_lidar.ply,0.10002,799,0.13948,0.1083,0.15001,500,0.0347,0.11814,0.25,200,0.02097,0.14198,0.2,800,0.16035,0.20348,0.2,800,0.17376,0.2043,rl_v2_reward
SeasonalForestSpring,000574_lcam_front_lidar.ply,0.10002,799,0.12765,0.10332,0.15001,500,0.03551,0.11921,0.25,200,0.02213,0.25004,0.2,800,0.16067,0.20113,0.2,800,0.16633,0.20506,rl_v2_reward
SeasonalForestSpring,000575_lcam_front_lidar.ply,0.10002,799,0.15002,0.1071,0.15001,500,0.03999,0.11293,0.25,200,0.01271,0.16179,0.15,800,0.13334,0.14665,0.2,800,0.16003,0.18434,rl_v2_reward
SeasonalForestSpring,000576_lcam_front_lidar.ply,0.10002,799,0.15503,0.10494,0.15001,500,0.02078,0.08222,0.25,200,0.00176,0.02337,0.15,800,0.13111,0.14463,0.2,800,0.00579,0.00249,strict
SeasonalForestSpring,000577_lcam_front_lidar.ply,0.10002,799,0.15476,0.10225,0.15001,500,0.02555,0.08817,0.25,200,0.0115,0.30847,0.2,800,0.18255,0.2124,0.2,800,0.18376,0.20504,rl_v2_reward
SeasonalForestSpring,000578_lcam_front_lidar.ply,0.10002,799,0.03806,0.08293,0.15001,500,0.00248,0.12575,0.25,200,0.00618,0.00511,0.15,800,0.14613,0.16022,0.2,800,0.1755,0.21031,rl_v2_reward
SeasonalForestSpring,000579_lcam_front_lidar.ply,0.10002,799,0.16592,0.10943,0.15001,500,0.03155,0.08727,0.25,200,0.01741,0.25592,0.15,800,0.13992,0.14029,0.2,800,0.18016,0.20465,rl_v2_reward
SeasonalForestSpring,000580_lcam_front_lidar.ply,0.10002,799,0.0312,0.05985,0.15001,500,0.02967,0.08695,0.25,200,0.00675,0.16915,0.15,800,0.15038,0.14995,0.2,800,0.18608,0.20793,rl_v2_reward
SeasonalForestSpring,000581_lcam_front_lidar.ply,0.10002,799,0.03088,0.06496,0.15001,500,0.03243,0.08658,0.25,200,0.00631,0.24638,0.15,800,0.13676,0.14825,0.2,800,0.16745,0.1968,rl_v2_reward
SeasonalForestSpring,000582_lcam_front_lidar.ply,0.10002,799,0.02739,0.06109,0.15001,500,0.02586,0.0816,0.25,200,0.0209,0.26125,0.15,800,0.13141,0.15008,0.2,800,0.17582,0.20203,rl_v2_reward
SeasonalForestSpring,000583_lcam_front_lidar.ply,0.10002,799,0.15441,0.11191,0.15001,500,0.02602,0.07775,0.25,200,0.00662,0.21784,0.15,800,0.14021,0.16865,0.2,800,0.17578,0.20511,rl_v2_reward
SeasonalForestSpring,000584_lcam_front_lidar.ply,0.10002,799,0.16841,0.11297,0.15001,500,0.02552,0.07913,0.25,200,0.00667,0.22644,0.15,800,0.14392,0.15353,0.2,800,0.1711,0.19458,rl_v2_reward
SeasonalForestSpring,000585_lcam_front_lidar.ply,0.10002,799,0.13968,0.11076,0.15001,500,0.02106,0.08017,0.25,200,0.01816,0.21486,0.15,800,0.14749,0.15902,0.2,800,0.17876,0.20066,rl_v2_reward
SeasonalForestSpring,000586_lcam_front_lidar.ply,0.10002,799,0.17526,0.1148,0.15001,500,0.01767,0.06992,0.25,200,0.01027,0.18805,0.15,800,0.14719,0.15658,0.2,800,0.18112,0.20576,rl_v2_reward
SeasonalForestSpring,000587_lcam_front_lidar.ply,0.10002,799,0.16026,0.11229,0.15001,500,0.01747,0.06331,0.25,200,0.0131,0.26231,0.2,800,0.18125,0.20551,0.2,800,0.1803,0.2066,rl
SeasonalForestSpring,000588_lcam_front_lidar.ply,0.10002,799,0.17208,0.11276,0.15001,500,0.0175,0.06939,0.25,200,0.0145,0.25208,0.15,800,0.15395,0.16157,0.2,800,0.18257,0.20377,rl_v2_reward
SeasonalForestSpring,000589_lcam_front_lidar.ply,0.10002,799,0.1503,0.11197,0.15001,500,0.01734,0.07908,0.25,200,0.00708,0.21713,0.15,800,0.14062,0.16498,0.2,800,0.17696,0.2114,rl_v2_reward
SeasonalForestSpring,000590_lcam_front_lidar.ply,0.10002,799,0.15855,0.11309,0.15001,500,0.23927,0.15971,0.25,200,0.00239,0.17913,0.15,800,0.12844,0.14984,0.2,800,0.17276,0.2055,standard
SeasonalForestSpring,000591_lcam_front_lidar.ply,0.10002,799,0.15924,0.10298,0.15001,500,0.01848,0.07637,0.25,200,0.0225,0.15894,0.15,800,0.1292,0.14425,0.2,800,0.17883,0.21533,rl_v2_reward
SeasonalForestSpring,000592_lcam_front_lidar.ply,0.10002,799,0.1455,0.10755,0.15001,500,0.01529,0.0711,0.25,200,0.0241,0.1752,0.15,800,0.11791,0.15752,0.2,800,0.17138,0.20054,rl_v2_reward
SeasonalForestSpring,000593_lcam_front_lidar.ply,0.10002,799,0.15394,0.11245,0.15001,500,0.25299,0.16781,0.25,200,0.01443,0.17184,0.2,800,0.17424,0.21077,0.2,800,0.17471,0.20899,standard
SeasonalForestSpring,000594_lcam_front_lidar.ply,0.10002,799,0.14586,0.10866,0.15001,500,0.24209,0.15875,0.25,200,0.01305,0.20441,0.15,800,0.13433,0.16315,0.2,800,0.17072,0.21113,standard
SeasonalForestSpring,000595_lcam_front_lidar.ply,0.10002,799,0.14291,0.10738,0.15001,500,0.24606,0.15946,0.25,200,0.015,0.17967,0.15,800,0.14077,0.16598,0.2,800,0.17136,0.20574,standard
SeasonalForestSpring,000596_lcam_front_lidar.ply,0.10002,799,0.13467,0.10865,0.15001,500,0.24425,0.16466,0.25,200,0.03121,0.177,0.2,800,0.16476,0.21052,0.2,800,0.1651,0.20237,standard
SeasonalForestSpring,000597_lcam_front_lidar.ply,0.10002,799,0.14007,0.11048,0.15001,500,0.24367,0.16058,0.25,200,0.01437,0.20577,0.2,800,0.16657,0.19717,0.2,800,0.16988,0.20226,standard
SeasonalForestSpring,000598_lcam_front_lidar.ply,0.10002,799,0.14561,0.10295,0.15001,500,0.23082,0.1587,0.25,200,0.02029,0.15806,0.15,800,0.12889,0.15468,0.2,800,0.17299,0.21617,standard
SeasonalForestSpring,000599_lcam_front_lidar.ply,0.10002,799,0.11402,0.11146,0.15001,500,0.22469,0.15236,0.25,200,0.02183,0.16626,0.15,800,0.13784,0.15141,0.2,800,0.17259,0.20957,standard
SeasonalForestSpring,000600_lcam_front_lidar.ply,0.10002,799,0.1261,0.1127,0.15001,500,0.22672,0.15679,0.25,200,0.00227,0.1158,0.2,800,0.16895,0.18528,0.2,800,0.17419,0.20038,standard
SeasonalForestSpring,000601_lcam_front_lidar.ply,0.10002,799,0.12143,0.10064,0.15001,500,0.19367,0.15455,0.25,200,0.00576,0.06851,0.15,800,0.14138,0.14995,0.2,800,0.18706,0.21948,standard
SeasonalForestSpring,000602_lcam_front_lidar.ply,0.10002,799,0.12044,0.10331,0.15001,500,0.04809,0.12381,0.25,200,0.02233,0.15831,0.15,800,0.14408,0.16088,0.2,800,0.17111,0.20044,rl_v2_reward
SeasonalForestSpring,000603_lcam_front_lidar.ply,0.10002,799,0.04081,0.0988,0.15001,500,0.18331,0.16017,0.25,200,0.00439,0.10506,0.15,800,0.14032,0.15411,0.2,800,0.18056,0.21097,standard
SeasonalForestSpring,000604_lcam_front_lidar.ply,0.10002,799,0.0384,0.0929,0.15001,500,0.22837,0.16665,0.25,200,0.0383,0.17635,0.15,800,0.14783,0.15553,0.2,800,0.18394,0.21049,standard
SeasonalForestSpring,000605_lcam_front_lidar.ply,0.10002,799,0.03668,0.09706,0.15001,500,0.22867,0.17254,0.25,200,0.01927,0.19175,0.15,800,0.14979,0.15249,0.2,800,0.17795,0.18953,standard
SeasonalForestSpring,000606_lcam_front_lidar.ply,0.10002,799,0.03338,0.08402,0.15001,500,0.20584,0.15677,0.25,200,0.03995,0.1729,0.15,800,0.14308,0.14957,0.2,800,0.17887,0.19851,standard
SeasonalForestSpring,000607_lcam_front_lidar.ply,0.10002,799,0.12292,0.10983,0.15001,500,0.19813,0.17176,0.25,200,0.01331,0.15893,0.15,800,0.1441,0.14633,0.2,800,0.17703,0.19562,standard
SeasonalForestSpring,000608_lcam_front_lidar.ply,0.10002,799,0.11129,0.1052,0.15001,500,0.18424,0.15216,0.25,200,0.01123,0.16968,0.15,800,0.13609,0.15923,0.2,800,0.18155,0.20363,standard
SeasonalForestSpring,000609_lcam_front_lidar.ply,0.10002,799,0.02853,0.05592,0.15001,500,0.19822,0.15772,0.25,200,0.0038,0.11209,0.2,800,0.17717,0.19201,0.2,800,0.17669,0.18571,standard
SeasonalForestSpring,000610_lcam_front_lidar.ply,0.10002,799,0.03521,0.0709,0.15001,500,0.19054,0.15713,0.25,200,0.02522,0.16981,0.15,800,0.14854,0.15598,0.2,800,0.1706,0.1904,standard
SeasonalForestSpring,000611_lcam_front_lidar.ply,0.10002,799,0.11469,0.11217,0.15001,500,0.00208,0.0022,0.25,200,0.00595,0.09601,0.15,800,0.13316,0.14799,0.2,800,0.17294,0.19698,rl_v2_reward
SeasonalForestSpring,000612_lcam_front_lidar.ply,0.10002,799,0.02604,0.04388,0.15001,500,0.1899,0.16523,0.25,200,0.00214,0.11106,0.15,800,0.13557,0.15478,0.2,800,0.16227,0.18446,standard
SeasonalForestSpring,000613_lcam_front_lidar.ply,0.10002,799,0.10661,0.10358,0.15001,500,0.02757,0.05086,0.25,200,0.04007,0.15908,0.2,800,0.1737,0.21398,0.2,800,0.15928,0.18779,rl
SeasonalForestSpring,000614_lcam_front_lidar.ply,0.10002,799,0.11349,0.10474,0.15001,500,0.19298,0.15556,0.25,200,0.02565,0.17169,0.2,800,0.17002,0.19215,0.2,800,0.16716,0.18853,standard
SeasonalForestSpring,000615_lcam_front_lidar.ply,0.10002,799,0.11024,0.10621,0.15001,500,0.02505,0.14043,0.25,200,0.01652,0.1509,0.2,800,0.16095,0.19889,0.2,800,0.16748,0.20859,rl_v2_reward
SeasonalForestSpring,000616_lcam_front_lidar.ply,0.10002,799,0.10338,0.09785,0.15001,500,0.19932,0.15595,0.25,200,0.26868,0.21711,0.15,800,0.12857,0.14621,0.2,800,0.17591,0.20343,loose
SeasonalForestSpring,000617_lcam_front_lidar.ply,0.10002,799,0.12769,0.11141,0.15001,500,0.02686,0.04731,0.25,200,0.00431,0.10289,0.15,800,0.13947,0.14681,0.2,800,0.16775,0.19364,rl_v2_reward
SeasonalForestSpring,000618_lcam_front_lidar.ply,0.10002,799,0.11347,0.10179,0.15001,500,0.19547,0.15742,0.25,200,0.01666,0.13922,0.15,800,0.12996,0.14734,0.2,800,0.17181,0.20479,standard
SeasonalForestSpring,000619_lcam_front_lidar.ply,0.10002,799,0.10778,0.1013,0.15001,500,0.20188,0.15802,0.25,200,0.00113,0.10239,0.15,800,0.12625,0.14892,0.2,800,0.17051,0.21075,standard
SeasonalForestSpring,000620_lcam_front_lidar.ply,0.10002,799,0.03915,0.03552,0.15001,500,0.0445,0.03792,0.25,200,0.00593,0.1015,0.15,800,0.1296,0.15293,0.2,800,0.15509,0.20118,rl_v2_reward
SeasonalForestSpring,000621_lcam_front_lidar.ply,0.10002,799,0.10196,0.09568,0.15001,500,0.0391,0.05255,0.25,200,0.00713,0.09201,0.15,800,0.1338,0.16213,0.2,800,0.16316,0.20289,rl_v2_reward
SeasonalForestSpring,000622_lcam_front_lidar.ply,0.10002,799,0.13182,0.11097,0.15001,500,0.21056,0.14639,0.25,200,0.00558,0.11238,0.2,800,0.16366,0.19971,0.2,800,0.17256,0.20546,standard
SeasonalForestSpring,000623_lcam_front_lidar.ply,0.10002,799,0.03906,0.05461,0.15001,500,0.19937,0.14401,0.25,200,0.00214,0.14146,0.15,800,0.13377,0.15528,0.2,800,0.15815,0.18872,standard
SeasonalForestSpring,000624_lcam_front_lidar.ply,0.10002,799,0.11999,0.09953,0.15001,500,0.18921,0.13309,0.25,200,0.00472,0.11376,0.15,800,0.13039,0.14903,0.2,800,0.16026,0.18607,standard
SeasonalForestSpring,000625_lcam_front_lidar.ply,0.10002,799,0.11376,0.09412,0.15001,500,0.2001,0.13605,0.25,200,0.01771,0.12851,0.2,800,0.15503,0.17107,0.2,800,0.15493,0.17066,standard
SeasonalForestSpring,000626_lcam_front_lidar.ply,0.10002,799,0.12253,0.09484,0.15001,500,0.20865,0.13371,0.25,200,0.0188,0.16103,0.2,800,0.16874,0.18312,0.2,800,0.17801,0.19339,standard
SeasonalForestSpring,000627_lcam_front_lidar.ply,0.10002,799,0.126,0.09196,0.15001,500,0.20622,0.13037,0.25,200,0.26284,0.17487,0.15,800,0.13816,0.13985,0.2,800,0.16028,0.16576,loose
SeasonalForestSpring,000628_lcam_front_lidar.ply,0.10002,799,0.11504,0.09754,0.15001,500,0.20408,0.13334,0.25,200,0.01739,0.17377,0.15,800,0.14229,0.14382,0.2,800,0.16174,0.16512,standard
SeasonalForestSpring,000629_lcam_front_lidar.ply,0.10002,799,0.12805,0.09791,0.15001,500,0.20436,0.13582,0.25,200,0.00353,0.11597,0.2,800,0.16264,0.17162,0.2,800,0.16464,0.17638,standard
SeasonalForestSpring,000630_lcam_front_lidar.ply,0.10002,799,0.12425,0.09461,0.15001,500,0.20572,0.12956,0.25,200,0.00282,0.1554,0.2,800,0.15574,0.15775,0.2,800,0.15915,0.16361,standard
SeasonalForestSpring,000631_lcam_front_lidar.ply,0.10002,799,0.06621,0.09311,0.15001,500,0.19955,0.13155,0.25,200,0.01453,0.15468,0.2,800,0.16195,0.17132,0.2,800,0.15664,0.16155,standard
SeasonalForestSpring,000632_lcam_front_lidar.ply,0.10002,799,0.09557,0.09693,0.15001,500,0.21143,0.13877,0.25,200,0.00316,0.0978,0.2,800,0.15265,0.16101,0.2,800,0.14633,0.16059,standard
SeasonalForestSpring,000633_lcam_front_lidar.ply,0.10002,799,0.09914,0.09747,0.15001,500,0.2038,0.13545,0.25,200,0.01825,0.14506,0.2,800,0.15718,0.16226,0.2,800,0.15636,0.1616,standard
SeasonalForestSpring,000634_lcam_front_lidar.ply,0.10002,799,0.14409,0.09484,0.15001,500,0.23007,0.13822,0.25,200,0.00324,0.12159,0.2,800,0.18199,0.17844,0.2,800,0.18216,0.17894,standard
SeasonalForestSpring,000635_lcam_front_lidar.ply,0.10002,799,0.15045,0.10238,0.15001,500,0.21931,0.13193,0.25,200,0.00258,0.09341,0.2,800,0.174,0.17829,0.2,800,0.16217,0.16769,standard
SeasonalForestSpring,000636_lcam_front_lidar.ply,0.10002,799,0.14361,0.09585,0.15001,500,0.24179,0.13666,0.25,200,0.00361,0.14517,0.2,800,0.18455,0.18046,0.2,800,0.185,0.17661,standard
SeasonalForestSpring,000637_lcam_front_lidar.ply,0.10002,799,0.14921,0.10172,0.15001,500,0.24541,0.13331,0.25,200,0.00592,0.19817,0.15,800,0.15537,0.13996,0.2,800,0.18898,0.17433,standard
SeasonalForestSpring,000638_lcam_front_lidar.ply,0.10002,799,0.15012,0.09857,0.15001,500,0.26658,0.14331,0.25,200,0.00512,0.19938,0.15,800,0.16006,0.13726,0.2,800,0.19513,0.17592,standard
SeasonalForestSpring,000639_lcam_front_lidar.ply,0.10002,799,0.16115,0.10224,0.15001,500,0.24976,0.14008,0.25,200,0.33344,0.19977,0.15,800,0.15438,0.14003,0.2,800,0.17252,0.16142,loose
SeasonalForestSpring,000640_lcam_front_lidar.ply,0.10002,799,0.15754,0.09741,0.15001,500,0.25842,0.13824,0.25,200,0.33874,0.19197,0.15,800,0.16366,0.14516,0.2,800,0.20616,0.17732,loose
SeasonalForestSpring,000641_lcam_front_lidar.ply,0.10002,799,0.16277,0.1036,0.15001,500,0.24187,0.13911,0.25,200,0.00063,0.14312,0.15,800,0.1516,0.13402,0.2,800,0.18436,0.16474,standard
SeasonalForestSpring,000642_lcam_front_lidar.ply,0.10002,799,0.15566,0.10508,0.15001,500,0.24879,0.14526,0.25,200,0.00267,0.11104,0.15,800,0.14379,0.12858,0.2,800,0.18034,0.16569,standard
SeasonalForestSpring,000643_lcam_front_lidar.ply,0.10002,799,0.05161,0.08305,0.15001,500,0.23821,0.15151,0.25,200,0.32273,0.21367,0.2,800,0.1858,0.18039,0.2,800,0.18394,0.17627,loose
SeasonalForestSpring,000644_lcam_front_lidar.ply,0.10002,799,0.16236,0.11478,0.15001,500,0.25261,0.16294,0.25,200,0.00157,0.06052,0.2,800,0.17727,0.18513,0.2,800,0.17595,0.18258,standard
SeasonalForestSpring,000645_lcam_front_lidar.ply,0.10002,799,0.05948,0.08638,0.15001,500,0.0143,0.05125,0.25,200,0.00313,0.11692,0.15,800,0.13542,0.13811,0.2,800,0.18626,0.1846,rl_v2_reward
SeasonalForestSpring,000646_lcam_front_lidar.ply,0.10002,799,0.16503,0.12482,0.15001,500,0.00243,0.17003,0.25,200,0.05296,0.18113,0.2,800,0.17916,0.17686,0.2,800,0.18665,0.19118,rl_v2_reward
SeasonalForestSpring,000647_lcam_front_lidar.ply,0.10002,799,0.15443,0.10894,0.15001,500,0.25931,0.16816,0.25,200,0.00041,0.00047,0.2,800,0.17936,0.18681,0.2,800,0.17546,0.18497,standard
SeasonalForestSpring,000648_lcam_front_lidar.ply,0.10002,799,0.05798,0.08105,0.15001,500,0.01539,0.05751,0.25,200,0.00574,0.03651,0.2,800,0.14376,0.17817,0.2,800,0.14359,0.17646,rl
SeasonalForestSpring,000649_lcam_front_lidar.ply,0.10002,799,0.03837,0.07252,0.15001,500,0.09291,0.12886,0.25,200,0.02491,0.14618,0.15,800,0.1139,0.13095,0.2,800,0.15248,0.209,rl_v2_reward
SeasonalForestSpring,000650_lcam_front_lidar.ply,0.10002,799,0.04198,0.06273,0.15001,500,0.02945,0.10762,0.25,200,0.03915,0.18512,0.15,800,0.11892,0.1505,0.2,800,0.15154,0.20582,rl_v2_reward
SeasonalForestSpring,000651_lcam_front_lidar.ply,0.10002,799,0.0545,0.08384,0.15001,500,0.06404,0.15657,0.25,200,0.03451,0.19343,0.15,800,0.10662,0.12414,0.2,800,0.15174,0.20025,rl_v2_reward
SeasonalForestSpring,000652_lcam_front_lidar.ply,0.10002,799,0.05727,0.0938,0.15001,500,0.04425,0.12346,0.25,200,0.03283,0.17926,0.15,800,0.11577,0.16166,0.2,800,0.00401,0.00084,rl
SeasonalForestSpring,000653_lcam_front_lidar.ply,0.10002,799,0.05826,0.0792,0.15001,500,0.05524,0.1367,0.25,200,0.04617,0.17267,0.15,800,0.1039,0.11699,0.2,800,0.17072,0.21354,rl_v2_reward
SeasonalForestSpring,000654_lcam_front_lidar.ply,0.10002,799,0.0369,0.08884,0.15001,500,0.03104,0.1021,0.25,200,0.00693,0.14928,0.15,800,0.08312,0.11921,0.2,800,0.0062,0.00207,rl
SeasonalForestSpring,000655_lcam_front_lidar.ply,0.10002,799,0.04913,0.07914,0.15001,500,0.17071,0.12097,0.25,200,0.03096,0.1251,0.15,800,0.09662,0.16378,0.2,800,0.00248,0.0832,standard
SeasonalForestSpring,000656_lcam_front_lidar.ply,0.10002,799,0.04174,0.0861,0.15001,500,0.11636,0.16131,0.25,200,0.03131,0.11212,0.15,800,0.09162,0.12946,0.2,800,0.11675,0.17451,rl_v2_reward
SeasonalForestSpring,000657_lcam_front_lidar.ply,0.10002,799,0.0417,0.08809,0.15001,500,0.03195,0.09765,0.25,200,0.03046,0.11008,0.2,800,0.12951,0.20815,0.2,800,0.11706,0.18717,rl
SeasonalForestSpring,000658_lcam_front_lidar.ply,0.10002,799,0.05341,0.09991,0.15001,500,0.18148,0.11751,0.25,200,0.00699,0.03939,0.15,800,0.09227,0.12943,0.2,800,0.12406,0.18045,standard
SeasonalForestSpring,000659_lcam_front_lidar.ply,0.10002,799,0.03707,0.08259,0.15001,500,0.02774,0.09665,0.25,200,0.03098,0.11673,0.2,800,0.09661,0.15831,0.2,800,0.09699,0.15194,rl_v2_reward
SeasonalForestSpring,000660_lcam_front_lidar.ply,0.10002,799,0.01255,0.09977,0.15001,500,0.02744,0.10679,0.25,200,0.00829,0.20996,0.2,800,0.13182,0.22171,0.2,800,0.11645,0.21498,rl
SeasonalForestSpring,000661_lcam_front_lidar.ply,0.10002,799,0.05786,0.10881,0.15001,500,0.23246,0.12884,0.25,200,0.02126,0.11089,0.2,800,0.00342,0.10414,0.2,800,0.07624,0.19214,standard
SeasonalForestSpring,000662_lcam_front_lidar.ply,0.10002,799,0.18329,0.09308,0.15001,500,0.00159,0.00035,0.25,200,0.00987,0.09564,0.2,800,0.12023,0.2298,0.2,800,0.09442,0.19631,strict
SeasonalForestSpring,000663_lcam_front_lidar.ply,0.10002,799,0.18247,0.09007,0.15001,500,0.0456,0.1552,0.25,200,0.01301,0.12088,0.2,800,0.05303,0.13083,0.2,800,0.04728,0.13432,strict
SeasonalForestSpring,000664_lcam_front_lidar.ply,0.10002,799,0.18761,0.08946,0.15001,500,0.03604,0.15059,0.25,200,0.00595,0.03946,0.2,800,0.06665,0.14058,0.2,800,0.17956,0.23687,strict
SeasonalForestSpring,000665_lcam_front_lidar.ply,0.10002,799,0.06327,0.11467,0.15001,500,0.28599,0.13811,0.25,200,0.48351,0.25892,0.2,800,0.06192,0.12302,0.2,800,0.05319,0.11779,loose
SeasonalForestSpring,000666_lcam_front_lidar.ply,0.10002,799,0.18904,0.08823,0.15001,500,0.28967,0.13763,0.25,200,0.00545,0.00079,0.2,800,0.0786,0.15533,0.2,800,0.08238,0.16991,standard
SeasonalForestSpring,000667_lcam_front_lidar.ply,0.10002,799,0.16911,0.07342,0.15001,500,0.27104,0.13162,0.25,200,0.00496,0.00439,0.15,800,0.1444,0.17184,0.2,800,0.07213,0.12429,standard
SeasonalForestSpring,000668_lcam_front_lidar.ply,0.10002,799,0.19636,0.06753,0.15001,500,0.07281,0.15159,0.25,200,0.44589,0.23458,0.2,800,0.06016,0.12718,0.2,800,0.06202,0.13273,loose
SeasonalForestSpring,000669_lcam_front_lidar.ply,0.10002,799,0.0025,0.00297,0.15001,500,0.05784,0.14967,0.25,200,0.0043,0.00062,0.2,800,0.05778,0.13422,0.2,800,0.06109,0.14722,rl_v2_reward
SeasonalForestSpring,000670_lcam_front_lidar.ply,0.10002,799,0.16252,0.07258,0.15001,500,0.27401,0.11925,0.25,200,0.00649,0.09383,0.2,800,0.16641,0.1894,0.2,800,0.17675,0.19873,standard
SeasonalForestSpring,000671_lcam_front_lidar.ply,0.10002,799,0.1786,0.08081,0.15001,500,0.28168,0.13364,0.25,200,0.00494,0.00577,0.2,800,0.18027,0.21137,0.2,800,0.17924,0.22502,standard
SeasonalForestSpring,000672_lcam_front_lidar.ply,0.10002,799,0.17184,0.08505,0.15001,500,0.27728,0.13256,0.25,200,0.00503,0.00692,0.2,800,0.18329,0.21725,0.2,800,0.18296,0.21864,standard
SeasonalForestSpring,000673_lcam_front_lidar.ply,0.10002,799,0.19386,0.08677,0.15001,500,0.28829,0.13193,0.25,200,0.01181,0.3251,0.2,800,0.18163,0.21048,0.2,800,0.17274,0.19762,standard
SeasonalForestSpring,000674_lcam_front_lidar.ply,0.10002,799,0.17479,0.09615,0.15001,500,0.08038,0.09243,0.25,200,0.00512,0.00208,0.2,800,0.18082,0.22798,0.2,800,0.17349,0.2113,rl
SeasonalForestSpring,000675_lcam_front_lidar.ply,0.10002,799,0.2118,0.09264,0.15001,500,0.21124,0.09289,0.25,200,0.00579,0.11506,0.2,800,0.18495,0.20729,0.2,800,0.18763,0.21349,strict
SeasonalForestSpring,000676_lcam_front_lidar.ply,0.10002,799,0.18852,0.09047,0.15001,500,0.02144,0.07911,0.25,200,0.00884,0.2227,0.2,800,0.03628,0.07818,0.2,800,0.05506,0.10987,strict
SeasonalForestSpring,000677_lcam_front_lidar.ply,0.10002,799,0.19616,0.09307,0.15001,500,0.29085,0.15022,0.25,200,0.47998,0.26367,0.2,800,0.18778,0.20697,0.2,800,0.1902,0.21236,loose
SeasonalForestSpring,000678_lcam_front_lidar.ply,0.10002,799,0.20516,0.0984,0.15001,500,0.30253,0.14718,0.25,200,0.01104,0.10397,0.2,800,0.17814,0.19298,0.2,800,0.18075,0.19238,standard
SeasonalForestSpring,000679_lcam_front_lidar.ply,0.10002,799,0.02735,0.06984,0.15001,500,0.02399,0.07625,0.25,200,0.02334,0.09654,0.2,800,0.15477,0.184,0.2,800,0.19121,0.2148,rl_v2_reward
SeasonalForestSpring,000680_lcam_front_lidar.ply,0.10002,799,0.20026,0.08881,0.15001,500,0.01831,0.0566,0.25,200,0.53482,0.27241,0.15,800,0.11998,0.13251,0.2,800,0.18618,0.20331,loose
SeasonalForestSpring,000681_lcam_front_lidar.ply,0.10002,799,0.03467,0.06841,0.15001,500,0.00567,0.0932,0.25,200,0.01185,0.03553,0.15,800,0.15329,0.16582,0.2,800,0.18393,0.20909,rl_v2_reward
SeasonalForestSpring,000682_lcam_front_lidar.ply,0.10002,799,0.25254,0.09614,0.15001,500,0.36823,0.14551,0.25,200,0.00491,0.08724,0.2,800,0.16923,0.17583,0.2,800,0.18155,0.19403,standard
SeasonalForestSpring,000683_lcam_front_lidar.ply,0.10002,799,0.27611,0.10444,0.15001,500,0.38764,0.15901,0.25,200,0.56846,0.26068,0.2,800,0.18677,0.19941,0.2,800,0.18826,0.1985,loose
SeasonalForestSpring,000684_lcam_front_lidar.ply,0.10002,799,0.03379,0.07024,0.15001,500,0.003,0.00488,0.25,200,0.01165,0.1002,0.15,800,0.13589,0.13643,0.2,800,0.18687,0.211,rl_v2_reward
SeasonalForestSpring,000685_lcam_front_lidar.ply,0.10002,799,0.02672,0.07093,0.15001,500,0.34142,0.13825,0.25,200,0.42673,0.20923,0.2,800,0.1815,0.18575,0.2,800,0.17385,0.1794,loose
SeasonalForestSpring,000686_lcam_front_lidar.ply,0.10002,799,0.21623,0.09589,0.15001,500,0.01648,0.06482,0.25,200,0.00592,0.18954,0.15,800,0.12243,0.14531,0.2,800,0.15378,0.15648,strict
SeasonalForestSpring,000687_lcam_front_lidar.ply,0.10002,799,0.13402,0.07889,0.15001,500,0.3058,0.13754,0.25,200,0.01102,0.0441,0.15,800,0.14241,0.16257,0.2,800,0.16277,0.19516,standard
SeasonalForestSpring,000688_lcam_front_lidar.ply,0.10002,799,0.11981,0.06409,0.15001,500,0.01936,0.06364,0.25,200,0.01311,0.35316,0.15,800,0.11497,0.13796,0.2,800,0.03588,0.18018,strict
SeasonalForestSpring,000689_lcam_front_lidar.ply,0.10002,799,0.19066,0.08868,0.15001,500,0.09136,0.10338,0.25,200,0.01329,0.35798,0.15,800,0.05675,0.11966,0.2,800,0.06786,0.15393,strict
SeasonalForestSpring,000690_lcam_front_lidar.ply,0.10002,799,0.20874,0.08671,0.15001,500,0.28169,0.13806,0.25,200,0.00543,0.0006,0.15,800,0.14607,0.16372,0.2,800,0.17297,0.19646,standard
SeasonalForestSpring,000691_lcam_front_lidar.ply,0.10002,799,0.21469,0.08906,0.15001,500,0.12842,0.07985,0.25,200,0.00954,0.40478,0.15,800,0.11628,0.14889,0.2,800,0.17569,0.21098,strict
SeasonalForestSpring,000692_lcam_front_lidar.ply,0.10002,799,0.21032,0.09397,0.15001,500,0.0028,0.0457,0.25,200,0.00608,0.00141,0.15,800,0.14616,0.16318,0.2,800,0.1713,0.20468,strict
SeasonalForestSpring,000693_lcam_front_lidar.ply,0.10002,799,0.2053,0.08569,0.15001,500,0.292,0.13108,0.25,200,0.00951,0.26925,0.15,800,0.1171,0.14953,0.2,800,0.14117,0.20606,standard
SeasonalForestSpring,000694_lcam_front_lidar.ply,0.10002,799,0.18327,0.07759,0.15001,500,0.27899,0.12291,0.25,200,0.00526,0.00172,0.15,800,0.09825,0.13352,0.2,800,0.168,0.20699,standard
SeasonalForestSpring,000695_lcam_front_lidar.ply,0.10002,799,0.18376,0.06553,0.15001,500,0.05281,0.1491,0.25,200,0.01554,0.26098,0.15,800,0.13804,0.16795,0.2,800,0.04969,0.14089,strict
SeasonalForestSpring,000696_lcam_front_lidar.ply,0.10002,799,0.14435,0.06721,0.15001,500,0.07589,0.1813,0.25,200,0.005,0.00537,0.15,800,0.14942,0.16418,0.2,800,0.06402,0.12308,rl
SeasonalForestSpring,000697_lcam_front_lidar.ply,0.10002,799,0.02186,0.07853,0.15001,500,0.07502,0.12728,0.25,200,0.00826,0.09606,0.15,800,0.06194,0.12409,0.2,800,0.07462,0.13861,standard
SeasonalForestSpring,000698_lcam_front_lidar.ply,0.10002,799,0.19083,0.0736,0.15001,500,0.07282,0.14149,0.25,200,0.0069,0.11416,0.15,800,0.08602,0.16616,0.2,800,0.057,0.14362,strict
SeasonalForestSpring,000699_lcam_front_lidar.ply,0.10002,799,0.05708,0.11425,0.15001,500,0.03052,0.12761,0.25,200,0.00478,0.00394,0.15,800,0.07364,0.11385,0.2,800,0.07346,0.13883,rl
SeasonalForestSpring,000700_lcam_front_lidar.ply,0.10002,799,0.05636,0.10849,0.15001,500,0.03022,0.16718,0.25,200,0.48857,0.25148,0.15,800,0.05813,0.11676,0.2,800,0.07161,0.1585,loose
SeasonalForestSpring,000701_lcam_front_lidar.ply,0.10002,799,0.04491,0.10817,0.15001,500,0.00462,0.08147,0.25,200,0.00491,0.02512,0.15,800,0.07883,0.13584,0.2,800,0.04878,0.11219,rl
SeasonalForestSpring,000702_lcam_front_lidar.ply,0.10002,799,0.17358,0.09145,0.15001,500,0.24779,0.12896,0.25,200,0.01136,0.10034,0.15,800,0.07618,0.12335,0.2,800,0.10341,0.20795,standard
SeasonalForestSpring,000703_lcam_front_lidar.ply,0.10002,799,0.18496,0.10415,0.15001,500,0.06127,0.12627,0.25,200,0.01795,0.09371,0.15,800,0.08817,0.14268,0.2,800,0.08408,0.18799,strict
SeasonalForestSpring,000704_lcam_front_lidar.ply,0.10002,799,0.06225,0.10963,0.15001,500,0.22114,0.11584,0.25,200,0.01577,0.11375,0.15,800,0.0786,0.12902,0.2,800,0.09534,0.17366,standard
SeasonalForestSpring,000705_lcam_front_lidar.ply,0.10002,799,0.02902,0.07678,0.15001,500,0.01812,0.09492,0.25,200,0.01826,0.09624,0.15,800,0.09016,0.14369,0.2,800,0.13991,0.22508,rl_v2_reward
SeasonalForestSpring,000706_lcam_front_lidar.ply,0.10002,799,0.07657,0.12632,0.15001,500,0.08517,0.17025,0.25,200,0.01974,0.11841,0.15,800,0.0902,0.13566,0.2,800,0.12315,0.199,rl_v2_reward
SeasonalForestSpring,000707_lcam_front_lidar.ply,0.10002,799,0.05593,0.09457,0.15001,500,0.19874,0.11704,0.25,200,0.02809,0.12024,0.15,800,0.11049,0.14911,0.2,800,0.13743,0.19368,standard
SeasonalForestSpring,000708_lcam_front_lidar.ply,0.10002,799,0.05015,0.08284,0.15001,500,0.06408,0.13979,0.25,200,0.02686,0.13057,0.15,800,0.09918,0.12014,0.2,800,0.11805,0.16835,rl_v2_reward
SeasonalForestSpring,000709_lcam_front_lidar.ply,0.10002,799,0.16463,0.10419,0.15001,500,0.21516,0.12961,0.25,200,0.02319,0.13951,0.15,800,0.09446,0.14855,0.2,800,0.13654,0.20186,standard
SeasonalForestSpring,000710_lcam_front_lidar.ply,0.10002,799,0.04583,0.08401,0.15001,500,0.11628,0.16331,0.25,200,0.02475,0.1259,0.15,800,0.10006,0.11689,0.2,800,0.13386,0.18609,rl_v2_reward
SeasonalForestSpring,000711_lcam_front_lidar.ply,0.10002,799,0.02602,0.06721,0.15001,500,0.01786,0.0998,0.25,200,0.02166,0.14021,0.15,800,0.09074,0.12512,0.2,800,0.11293,0.17744,rl_v2_reward
SeasonalForestSpring,000712_lcam_front_lidar.ply,0.10002,799,0.05099,0.0904,0.15001,500,0.22047,0.13804,0.25,200,0.02304,0.12757,0.15,800,0.1,0.11906,0.2,800,0.10999,0.14328,standard
SeasonalForestSpring,000713_lcam_front_lidar.ply,0.10002,799,0.05161,0.0811,0.15001,500,0.11636,0.14258,0.25,200,0.01906,0.11066,0.15,800,0.11002,0.12029,0.2,800,0.12487,0.15228,rl_v2_reward
SeasonalForestSpring,000714_lcam_front_lidar.ply,0.10002,799,0.07574,0.09297,0.15001,500,0.12139,0.14726,0.25,200,0.00113,0.12355,0.15,800,0.11012,0.1208,0.2,800,0.11999,0.14651,standard
SeasonalForestSpring,000715_lcam_front_lidar.ply,0.10002,799,0.05476,0.07816,0.15001,500,0.11577,0.13613,0.25,200,0.01332,0.1248,0.15,800,0.11717,0.13876,0.2,800,0.12204,0.15289,rl_v2_reward
SeasonalForestSpring,000716_lcam_front_lidar.ply,0.10002,799,0.06805,0.08755,0.15001,500,0.11306,0.13032,0.25,200,0.03313,0.13778,0.15,800,0.11659,0.1318,0.2,800,0.13471,0.17,rl_v2_reward
SeasonalForestSpring,000717_lcam_front_lidar.ply,0.10002,799,0.05221,0.08348,0.15001,500,0.11893,0.15713,0.25,200,0.01361,0.15122,0.15,800,0.11079,0.12115,0.2,800,0.152,0.21285,rl_v2_reward
SeasonalForestSpring,000718_lcam_front_lidar.ply,0.10002,799,0.06738,0.08628,0.15001,500,0.12403,0.13197,0.25,200,0.0127,0.10949,0.15,800,0.12399,0.12301,0.2,800,0.14924,0.18941,rl_v2_reward
SeasonalForestSpring,000719_lcam_front_lidar.ply,0.10002,799,0.04663,0.08253,0.15001,500,0.04627,0.09483,0.25,200,0.01495,0.1311,0.15,800,0.12377,0.1263,0.2,800,0.14086,0.16771,rl_v2_reward
SeasonalForestSpring,000720_lcam_front_lidar.ply,0.10002,799,0.08807,0.09912,0.15001,500,0.11472,0.1311,0.25,200,0.01343,0.14688,0.15,800,0.12162,0.12386,0.2,800,0.13448,0.15505,rl_v2_reward
SeasonalForestSpring,000721_lcam_front_lidar.ply,0.10002,799,0.00069,0.10569,0.15001,500,0.05918,0.10662,0.25,200,0.02257,0.12102,0.15,800,0.12664,0.12724,0.2,800,0.15302,0.19037,rl_v2_reward
SeasonalForestSpring,000722_lcam_front_lidar.ply,0.10002,799,0.00269,0.06081,0.15001,500,0.05463,0.10862,0.25,200,0.02777,0.14728,0.2,800,0.14523,0.1817,0.2,800,0.14451,0.17954,rl
SeasonalForestSpring,000723_lcam_front_lidar.ply,0.10002,799,0.10102,0.09939,0.15001,500,0.06048,0.11443,0.25,200,0.01159,0.12076,0.2,800,0.15149,0.17884,0.2,800,0.1468,0.16721,rl
SeasonalForestSpring,000724_lcam_front_lidar.ply,0.10002,799,0.10068,0.10029,0.15001,500,0.12114,0.12091,0.25,200,0.00966,0.14413,0.2,800,0.16462,0.21009,0.2,800,0.15717,0.19894,rl
SeasonalForestSpring,000725_lcam_front_lidar.ply,0.10002,799,0.00076,0.00044,0.15001,500,0.05138,0.1065,0.25,200,0.00692,0.10972,0.2,800,0.16341,0.20659,0.2,800,0.16239,0.20649,rl
SeasonalForestSpring,000726_lcam_front_lidar.ply,0.10002,799,0.00538,0.08351,0.15001,500,0.07137,0.11309,0.25,200,0.02292,0.13697,0.2,800,0.16374,0.19304,0.2,800,0.15928,0.18653,rl
SeasonalForestSpring,000727_lcam_front_lidar.ply,0.10002,799,0.0705,0.09525,0.15001,500,0.11187,0.12612,0.25,200,0.00566,0.13627,0.2,800,0.14922,0.19034,0.2,800,0.13737,0.16483,rl
SeasonalForestSpring,000728_lcam_front_lidar.ply,0.10002,799,0.08185,0.09491,0.15001,500,0.03177,0.11101,0.25,200,0.00585,0.12561,0.2,800,0.15935,0.18875,0.2,800,0.16088,0.19093,rl_v2_reward
SeasonalForestSpring,000729_lcam_front_lidar.ply,0.10002,799,0.14672,0.084,0.15001,500,0.02441,0.10571,0.25,200,0.01449,0.13875,0.2,800,0.15416,0.19797,0.2,800,0.13826,0.17293,rl
SeasonalForestSpring,000730_lcam_front_lidar.ply,0.10002,799,0.06045,0.08089,0.15001,500,0.00158,0.11066,0.25,200,0.01916,0.12346,0.2,800,0.15759,0.19505,0.2,800,0.15537,0.18952,rl
SeasonalForestSpring,000731_lcam_front_lidar.ply,0.10002,799,0.08626,0.09215,0.15001,500,0.03594,0.12554,0.25,200,0.01921,0.12405,0.2,800,0.16009,0.19671,0.2,800,0.16031,0.19265,rl_v2_reward
SeasonalForestSpring,000732_lcam_front_lidar.ply,0.10002,799,0.17334,0.11417,0.15001,500,0.01712,0.09027,0.25,200,0.02662,0.16243,0.2,800,0.1592,0.20368,0.2,800,0.14888,0.17591,strict
SeasonalForestSpring,000733_lcam_front_lidar.ply,0.10002,799,0.16651,0.11216,0.15001,500,0.03094,0.14763,0.25,200,0.0186,0.1366,0.2,800,0.15739,0.1866,0.2,800,0.16018,0.19242,strict
SeasonalForestSpring,000734_lcam_front_lidar.ply,0.10002,799,0.16182,0.11024,0.15001,500,0.02542,0.07393,0.25,200,0.01827,0.13244,0.2,800,0.16567,0.19764,0.2,800,0.15933,0.18787,rl
SeasonalForestSpring,000735_lcam_front_lidar.ply,0.10002,799,0.07874,0.10083,0.15001,500,0.25846,0.18052,0.25,200,0.00556,0.13668,0.2,800,0.15312,0.17412,0.2,800,0.15547,0.17489,standard
SeasonalForestSpring,000736_lcam_front_lidar.ply,0.10002,799,0.07606,0.09873,0.15001,500,0.2501,0.17912,0.25,200,0.00089,0.14874,0.2,800,0.15501,0.17891,0.2,800,0.15479,0.18866,standard
SeasonalForestSpring,000737_lcam_front_lidar.ply,0.10002,799,0.07987,0.1062,0.15001,500,0.22489,0.16273,0.25,200,0.02365,0.14683,0.2,800,0.1551,0.18466,0.2,800,0.15464,0.1855,standard
SeasonalForestSpring,000738_lcam_front_lidar.ply,0.10002,799,0.07071,0.09513,0.15001,500,0.21555,0.15937,0.25,200,0.00218,0.11563,0.2,800,0.15127,0.18702,0.2,800,0.14883,0.1821,standard
SeasonalForestSpring,000739_lcam_front_lidar.ply,0.10002,799,0.14032,0.12055,0.15001,500,0.23086,0.14969,0.25,200,0.0237,0.15632,0.2,800,0.15679,0.18192,0.2,800,0.16021,0.18484,standard
SeasonalForestSpring,000740_lcam_front_lidar.ply,0.10002,799,0.04076,0.07525,0.15001,500,0.21069,0.15948,0.25,200,0.02688,0.13179,0.2,800,0.151,0.17981,0.2,800,0.15387,0.18732,standard
SeasonalForestSpring,000741_lcam_front_lidar.ply,0.10002,799,0.08937,0.09546,0.15001,500,0.21726,0.15178,0.25,200,0.0163,0.14687,0.2,800,0.15959,0.20496,0.2,800,0.15923,0.20514,standard
SeasonalForestSpring,000742_lcam_front_lidar.ply,0.10002,799,0.11241,0.10698,0.15001,500,0.03122,0.12707,0.25,200,0.01355,0.14042,0.2,800,0.15952,0.19345,0.2,800,0.15883,0.19117,rl
SeasonalForestSpring,000743_lcam_front_lidar.ply,0.10002,799,0.09081,0.09958,0.15001,500,0.19251,0.14472,0.25,200,0.02521,0.14383,0.2,800,0.13819,0.17774,0.25,800,0.168,0.21015,standard
SeasonalForestSpring,000744_lcam_front_lidar.ply,0.10002,799,0.11235,0.10401,0.15001,500,0.19586,0.15019,0.25,200,0.02085,0.14271,0.2,800,0.14624,0.18923,0.25,800,0.15742,0.21069,standard
SeasonalForestSpring,000745_lcam_front_lidar.ply,0.10002,799,0.08734,0.09849,0.15001,500,0.03008,0.13826,0.25,200,0.00251,0.12378,0.2,800,0.17373,0.21877,0.25,800,0.1985,0.23891,rl_v2_reward
SeasonalForestSpring,000746_lcam_front_lidar.ply,0.10002,799,0.08947,0.09735,0.15001,500,0.16804,0.13907,0.25,200,0.0075,0.00221,0.2,800,0.14762,0.19744,0.25,800,0.20015,0.23705,rl_v2_reward
SeasonalForestSpring,000747_lcam_front_lidar.ply,0.10002,799,0.09707,0.10143,0.15001,500,0.17668,0.13251,0.25,200,0.02409,0.13207,0.2,800,0.1616,0.20646,0.25,800,0.21881,0.24314,rl_v2_reward
SeasonalForestSpring,000748_lcam_front_lidar.ply,0.10002,799,0.09162,0.10596,0.15001,500,0.17142,0.15956,0.25,200,0.03246,0.14886,0.2,800,0.15837,0.20994,0.25,800,0.16434,0.22022,standard
SeasonalForestSpring,000749_lcam_front_lidar.ply,0.10002,799,0.0885,0.10207,0.15001,500,0.17302,0.14654,0.25,200,0.01063,0.16801,0.2,800,0.1278,0.16957,0.25,800,0.20084,0.23875,rl_v2_reward
SeasonalForestSpring,000750_lcam_front_lidar.ply,0.10002,799,0.08755,0.09447,0.15001,500,0.16796,0.14164,0.25,200,0.0108,0.1641,0.2,800,0.12556,0.17023,0.25,800,0.21558,0.25418,rl_v2_reward
SeasonalForestSpring,000751_lcam_front_lidar.ply,0.10002,799,0.09648,0.1042,0.15001,500,0.17105,0.15125,0.25,200,0.01378,0.17233,0.2,800,0.12867,0.17151,0.25,800,0.14399,0.21455,standard
SeasonalForestSpring,000752_lcam_front_lidar.ply,0.10002,799,0.08345,0.09801,0.15001,500,0.15687,0.14852,0.25,200,0.01984,0.138,0.2,800,0.13002,0.17714,0.25,800,0.13768,0.18952,standard
SeasonalForestSpring,000753_lcam_front_lidar.ply,0.10002,799,0.08224,0.09546,0.15001,500,0.13222,0.14088,0.25,200,0.05091,0.14014,0.2,800,0.1284,0.17399,0.25,800,0.14968,0.20393,rl_v2_reward
SeasonalForestSpring,000754_lcam_front_lidar.ply,0.10002,799,0.0755,0.09414,0.15001,500,0.03471,0.12852,0.25,200,0.00429,0.00296,0.2,800,0.12038,0.17827,0.25,800,0.13734,0.20745,rl_v2_reward
SeasonalForestSpring,000755_lcam_front_lidar.ply,0.10002,799,0.08283,0.10015,0.15001,500,0.12357,0.14211,0.25,200,0.02824,0.14351,0.2,800,0.12588,0.17087,0.25,800,0.13903,0.18628,rl_v2_reward
SeasonalForestSpring,000756_lcam_front_lidar.ply,0.10002,799,0.08452,0.10453,0.15001,500,0.11815,0.1364,0.25,200,0.01884,0.14974,0.2,800,0.12177,0.16894,0.25,800,0.14392,0.19805,rl_v2_reward
SeasonalForestSpring,000757_lcam_front_lidar.ply,0.10002,799,0.07976,0.09928,0.15001,500,0.11484,0.13472,0.25,200,0.02214,0.13331,0.2,800,0.12401,0.16803,0.25,800,0.14162,0.1943,rl_v2_reward
SeasonalForestSpring,000758_lcam_front_lidar.ply,0.10002,799,0.0845,0.10282,0.15001,500,0.12117,0.13603,0.25,200,0.01561,0.1643,0.15,800,0.09258,0.13202,0.25,800,0.1525,0.19355,rl_v2_reward
SeasonalForestSpring,000759_lcam_front_lidar.ply,0.10002,799,0.08099,0.10025,0.15001,500,0.12069,0.13526,0.25,200,0.00573,0.00361,0.15,800,0.09276,0.13681,0.25,800,0.15346,0.20062,rl_v2_reward
SeasonalForestSpring,000760_lcam_front_lidar.ply,0.10002,799,0.08785,0.10001,0.15001,500,0.13537,0.14331,0.25,200,0.00665,0.00611,0.15,800,0.09818,0.13801,0.25,800,0.1603,0.2119,rl_v2_reward
SeasonalForestSpring,000761_lcam_front_lidar.ply,0.10002,799,0.07321,0.11028,0.15001,500,0.12991,0.15092,0.25,200,0.00786,0.0046,0.15,800,0.10651,0.15368,0.25,800,0.15896,0.21681,rl_v2_reward
SeasonalForestSpring,000762_lcam_front_lidar.ply,0.10002,799,0.08669,0.10393,0.15001,500,0.147,0.15419,0.25,200,0.009,0.00423,0.15,800,0.10328,0.14569,0.25,800,0.17685,0.22331,rl_v2_reward
SeasonalForestSpring,000763_lcam_front_lidar.ply,0.10002,799,0.0832,0.10069,0.15001,500,0.16541,0.15554,0.25,200,0.00911,0.00453,0.15,800,0.10938,0.14934,0.25,800,0.17349,0.22972,rl_v2_reward
SeasonalForestSpring,000764_lcam_front_lidar.ply,0.10002,799,0.07906,0.1069,0.15001,500,0.13062,0.14658,0.25,200,0.00863,0.00461,0.15,800,0.10357,0.14098,0.25,800,0.1549,0.21652,rl_v2_reward
SeasonalForestSpring,000765_lcam_front_lidar.ply,0.10002,799,0.06321,0.10421,0.15001,500,0.11319,0.14244,0.25,200,0.00823,0.00437,0.15,800,0.10049,0.1334,0.3,800,0.16582,0.2339,rl_v2_reward
SeasonalForestSpring,000766_lcam_front_lidar.ply,0.10002,799,0.08066,0.09913,0.15001,500,0.16396,0.16354,0.25,200,0.00908,0.00404,0.15,800,0.10558,0.14523,0.3,800,0.18132,0.24092,rl_v2_reward
SeasonalForestSpring,000767_lcam_front_lidar.ply,0.10002,799,0.08281,0.11789,0.15001,500,0.16881,0.15562,0.25,200,0.00916,0.00439,0.15,800,0.11332,0.14964,0.25,800,0.17205,0.22833,rl_v2_reward
SeasonalForestSpring,000768_lcam_front_lidar.ply,0.10002,799,0.09079,0.10112,0.15001,500,0.17757,0.1587,0.25,200,0.00922,0.00458,0.15,800,0.11525,0.14297,0.25,800,0.16764,0.23433,standard
SeasonalForestSpring,000769_lcam_front_lidar.ply,0.10002,799,0.0,0.0,0.15001,500,0.16177,0.15898,0.25,200,0.0093,0.00465,0.15,800,0.1153,0.14314,0.3,800,0.18351,0.25113,rl_v2_reward
SeasonalForestSpring,000770_lcam_front_lidar.ply,0.10002,799,0.09913,0.10558,0.15001,500,0.18813,0.16386,0.25,200,0.00525,0.00269,0.15,800,0.11593,0.13617,0.3,800,0.18086,0.24266,standard
SeasonalForestSpring,000771_lcam_front_lidar.ply,0.10002,799,0.11645,0.0972,0.15001,500,0.18294,0.14346,0.25,200,0.00892,0.00491,0.15,800,0.11736,0.12498,0.25,800,0.16841,0.19167,standard
SeasonalForestSpring,000772_lcam_front_lidar.ply,0.10002,799,0.09926,0.10262,0.15001,500,0.1925,0.15898,0.25,200,0.0112,0.07547,0.15,800,0.12452,0.14301,0.3,800,0.18885,0.21821,standard
SeasonalForestSpring,000773_lcam_front_lidar.ply,0.10002,799,0.12505,0.11455,0.15001,500,0.18164,0.14883,0.25,200,0.00348,0.00214,0.15,800,0.12209,0.13971,0.3,800,0.1917,0.22917,rl_v2_reward
SeasonalForestSpring,000774_lcam_front_lidar.ply,0.10002,799,0.1033,0.10467,0.15001,500,0.20216,0.16021,0.25,200,0.00878,0.00379,0.15,800,0.13331,0.14526,0.3,800,0.19452,0.23763,standard
SeasonalForestSpring,000775_lcam_front_lidar.ply,0.10002,799,0.09226,0.10761,0.15001,500,0.02768,0.09908,0.25,200,0.00506,0.00206,0.15,800,0.12652,0.13997,0.3,800,0.17321,0.19023,rl_v2_reward
SeasonalForestSpring,000776_lcam_front_lidar.ply,0.10002,799,0.12719,0.10781,0.15001,500,0.02593,0.12086,0.25,200,0.00887,0.00429,0.15,800,0.13641,0.13989,0.3,800,0.19562,0.20367,rl_v2_reward
SeasonalForestSpring,000777_lcam_front_lidar.ply,0.10002,799,0.13662,0.1013,0.15001,500,0.03038,0.10824,0.25,200,0.01537,0.19692,0.15,800,0.1229,0.13389,0.3,800,0.19833,0.22593,rl_v2_reward
SeasonalForestSpring,000778_lcam_front_lidar.ply,0.10002,799,0.08568,0.09078,0.15001,500,0.02801,0.11027,0.25,200,0.00909,0.00501,0.15,800,0.13221,0.13912,0.3,800,0.19038,0.20605,rl_v2_reward
SeasonalForestSpring,000779_lcam_front_lidar.ply,0.10002,799,0.10479,0.10262,0.15001,500,0.02872,0.09465,0.25,200,0.01455,0.07771,0.15,800,0.12729,0.13815,0.3,800,0.17999,0.20296,rl_v2_reward
SeasonalForestSpring,000780_lcam_front_lidar.ply,0.10002,799,0.1337,0.12227,0.15001,500,0.03875,0.1026,0.25,200,0.01649,0.08609,0.15,800,0.12762,0.12843,0.3,800,0.18296,0.22022,rl_v2_reward
SeasonalForestSpring,000781_lcam_front_lidar.ply,0.10002,799,0.15263,0.11746,0.15001,500,0.03423,0.11018,0.25,200,0.00893,0.00482,0.15,800,0.14911,0.14707,0.3,800,0.212,0.22442,rl_v2_reward
SeasonalForestSpring,000782_lcam_front_lidar.ply,0.10002,799,0.15725,0.11808,0.15001,500,0.03355,0.10314,0.25,200,0.00878,0.00452,0.2,800,0.15629,0.17066,0.3,800,0.20142,0.20418,rl_v2_reward
SeasonalForestSpring,000783_lcam_front_lidar.ply,0.10002,799,0.11101,0.11229,0.15001,500,0.03574,0.12289,0.25,200,0.01629,0.09469,0.2,800,0.17534,0.17376,0.3,800,0.20701,0.19698,rl_v2_reward
SeasonalForestSpring,000784_lcam_front_lidar.ply,0.10002,799,0.04945,0.0908,0.15001,500,0.0344,0.11053,0.25,200,0.01571,0.09534,0.15,800,0.15048,0.13944,0.3,800,0.19558,0.21682,rl_v2_reward
SeasonalForestSpring,000785_lcam_front_lidar.ply,0.10002,799,0.05741,0.10105,0.15001,500,0.03651,0.10676,0.25,200,0.00491,0.00251,0.15,800,0.15171,0.14806,0.3,800,0.20384,0.23018,rl_v2_reward
SeasonalForestSpring,000786_lcam_front_lidar.ply,0.10002,799,0.16535,0.10808,0.15001,500,0.03189,0.098,0.25,200,0.00492,0.00256,0.2,800,0.18199,0.16508,0.3,800,0.20588,0.21326,rl_v2_reward
SeasonalForestSpring,000787_lcam_front_lidar.ply,0.10002,799,0.17471,0.10568,0.15001,500,0.03263,0.10404,0.25,200,0.00492,0.00242,0.2,800,0.18449,0.16767,0.3,800,0.21674,0.17603,rl_v2_reward
SeasonalForestSpring,000788_lcam_front_lidar.ply,0.10002,799,0.16655,0.11034,0.15001,500,0.03291,0.10607,0.25,200,0.01517,0.10107,0.2,800,0.18603,0.17211,0.3,800,0.2054,0.20652,rl_v2_reward
SeasonalForestSpring,000789_lcam_front_lidar.ply,0.10002,799,0.17295,0.11115,0.15001,500,0.02836,0.10071,0.25,200,0.00374,0.00219,0.2,800,0.1856,0.17767,0.3,800,0.20549,0.2129,rl_v2_reward
SeasonalForestSpring,000790_lcam_front_lidar.ply,0.10002,799,0.0576,0.11112,0.15001,500,0.03233,0.10183,0.25,200,0.00798,0.00265,0.2,800,0.18198,0.17679,0.3,800,0.22423,0.21907,rl_v2_reward
SeasonalForestSpring,000791_lcam_front_lidar.ply,0.10002,799,0.10112,0.10447,0.15001,500,0.02719,0.09517,0.25,200,0.0084,0.00434,0.2,800,0.17307,0.16803,0.3,800,0.2085,0.25408,rl_v2_reward
SeasonalForestSpring,000792_lcam_front_lidar.ply,0.10002,799,0.14294,0.10528,0.15001,500,0.02439,0.09686,0.25,200,0.00841,0.00445,0.2,800,0.17028,0.15416,0.3,800,0.2021,0.21804,rl_v2_reward
SeasonalForestSpring,000793_lcam_front_lidar.ply,0.10002,799,0.06167,0.11855,0.15001,500,0.02299,0.09088,0.25,200,0.00373,0.00228,0.2,800,0.17377,0.16909,0.3,800,0.21019,0.23487,rl_v2_reward
SeasonalForestSpring,000794_lcam_front_lidar.ply,0.10002,799,0.05362,0.11786,0.15001,500,0.03001,0.09778,0.25,200,0.00826,0.00472,0.2,800,0.1764,0.16998,0.3,800,0.20695,0.23015,rl_v2_reward
SeasonalForestSpring,000795_lcam_front_lidar.ply,0.10002,799,0.18523,0.10618,0.15001,500,0.03134,0.10441,0.25,200,0.01095,0.13794,0.2,800,0.168,0.17912,0.3,800,0.22352,0.26044,rl_v2_reward
SeasonalForestSpring,000796_lcam_front_lidar.ply,0.10002,799,0.16712,0.10033,0.15001,500,0.02789,0.10042,0.25,200,0.00474,0.00199,0.2,800,0.15691,0.14601,0.3,800,0.19488,0.2298,rl_v2_reward
SeasonalForestSpring,000797_lcam_front_lidar.ply,0.10002,799,0.04222,0.10457,0.15001,500,0.02674,0.08998,0.25,200,0.00801,0.00329,0.2,800,0.16919,0.16571,0.3,800,0.22948,0.24952,rl_v2_reward
SeasonalForestSpring,000798_lcam_front_lidar.ply,0.10002,799,0.16374,0.0998,0.15001,500,0.02602,0.09535,0.25,200,0.00899,0.00408,0.2,800,0.16412,0.1742,0.3,800,0.22968,0.26055,rl_v2_reward
SeasonalForestSpring,000799_lcam_front_lidar.ply,0.10002,799,0.17901,0.10004,0.15001,500,0.02296,0.11058,0.25,200,0.00366,0.00218,0.2,800,0.1884,0.16907,0.3,800,0.22045,0.23399,rl_v2_reward
SeasonalForestSpring,000800_lcam_front_lidar.ply,0.10002,799,0.16988,0.1011,0.15001,500,0.03088,0.12675,0.25,200,0.00465,0.00219,0.2,800,0.16972,0.17545,0.3,800,0.22423,0.24206,rl_v2_reward
SeasonalForestSpring,000801_lcam_front_lidar.ply,0.10002,799,0.16635,0.09775,0.15001,500,0.02886,0.11967,0.25,200,0.0077,0.00339,0.2,800,0.17284,0.15931,0.3,800,0.20867,0.21965,rl_v2_reward
SeasonalForestSpring,000802_lcam_front_lidar.ply,0.10002,799,0.17605,0.1007,0.15001,500,0.02744,0.12781,0.25,200,0.00796,0.0031,0.2,800,0.18574,0.15566,0.3,800,0.2277,0.2234,rl_v2_reward
SeasonalForestSpring,000803_lcam_front_lidar.ply,0.10002,799,0.17389,0.10193,0.15001,500,0.04357,0.13086,0.25,200,0.00469,0.00189,0.2,800,0.18319,0.15936,0.3,800,0.21883,0.22322,rl_v2_reward
SeasonalForestSpring,000804_lcam_front_lidar.ply,0.10002,799,0.16829,0.10542,0.15001,500,0.02622,0.12185,0.25,200,0.00466,0.00193,0.2,800,0.18777,0.16366,0.3,800,0.22272,0.23246,rl_v2_reward
SeasonalForestSpring,000805_lcam_front_lidar.ply,0.10002,799,0.04542,0.10536,0.15001,500,0.03573,0.11719,0.25,200,0.01042,0.01009,0.2,800,0.17483,0.14358,0.3,800,0.21385,0.21269,rl_v2_reward
SeasonalForestSpring,000806_lcam_front_lidar.ply,0.10002,799,0.04194,0.08957,0.15001,500,0.03613,0.13234,0.25,200,0.00773,0.00308,0.2,800,0.17315,0.14917,0.25,800,0.18917,0.17238,rl_v2_reward
SeasonalForestSpring,000807_lcam_front_lidar.ply,0.10002,799,0.18787,0.10679,0.15001,500,0.05277,0.13648,0.25,200,0.00797,0.00368,0.2,800,0.19825,0.16053,0.3,800,0.22825,0.2137,rl_v2_reward
SeasonalForestSpring,000808_lcam_front_lidar.ply,0.10002,799,0.17414,0.10342,0.15001,500,0.04037,0.13656,0.25,200,0.02757,0.14836,0.2,800,0.19732,0.15255,0.25,800,0.20911,0.17347,rl_v2_reward
SeasonalForestSpring,000809_lcam_front_lidar.ply,0.10002,799,0.18376,0.10544,0.15001,500,0.04013,0.13646,0.25,200,0.00766,0.00302,0.2,800,0.19417,0.15185,0.25,800,0.20439,0.17243,rl_v2_reward
SeasonalForestSpring,000810_lcam_front_lidar.ply,0.10002,799,0.17726,0.10013,0.15001,500,0.03336,0.13616,0.25,200,0.00763,0.00337,0.2,800,0.18991,0.14815,0.25,800,0.20361,0.17165,rl_v2_reward
SeasonalForestSpring,000811_lcam_front_lidar.ply,0.10002,799,0.18394,0.10067,0.15001,500,0.26,0.13032,0.25,200,0.02233,0.1418,0.2,800,0.20491,0.15664,0.25,800,0.21367,0.17465,standard
SeasonalForestSpring,000812_lcam_front_lidar.ply,0.10002,799,0.178,0.09268,0.15001,500,0.03087,0.14189,0.25,200,0.00772,0.00326,0.2,800,0.19868,0.15791,0.25,800,0.21927,0.19047,rl_v2_reward
SeasonalForestSpring,000813_lcam_front_lidar.ply,0.10002,799,0.17307,0.094,0.15001,500,0.02843,0.13926,0.25,200,0.01979,0.1643,0.2,800,0.19867,0.15276,0.25,800,0.21049,0.17265,rl_v2_reward
SeasonalForestSpring,000814_lcam_front_lidar.ply,0.10002,799,0.17224,0.09343,0.15001,500,0.02681,0.14249,0.25,200,0.01562,0.13252,0.2,800,0.19954,0.152,0.25,800,0.21242,0.18402,rl_v2_reward
SeasonalForestSpring,000815_lcam_front_lidar.ply,0.10002,799,0.17873,0.09437,0.15001,500,0.03022,0.13656,0.25,200,0.01577,0.12792,0.2,800,0.20219,0.14888,0.25,800,0.21542,0.17516,rl_v2_reward
SeasonalForestSpring,000816_lcam_front_lidar.ply,0.10002,799,0.17708,0.09313,0.15001,500,0.02344,0.13524,0.25,200,0.00712,0.00276,0.2,800,0.20416,0.14789,0.25,800,0.21382,0.16808,rl_v2_reward
SeasonalForestSpring,000817_lcam_front_lidar.ply,0.10002,799,0.17368,0.09395,0.15001,500,0.25209,0.13241,0.25,200,0.02031,0.20955,0.2,800,0.20519,0.15418,0.25,800,0.21864,0.18753,standard
SeasonalForestSpring,000818_lcam_front_lidar.ply,0.10002,799,0.16062,0.09648,0.15001,500,0.02664,0.13839,0.25,200,0.01796,0.20957,0.2,800,0.1966,0.14376,0.25,800,0.21172,0.17946,rl_v2_reward
SeasonalForestSpring,000819_lcam_front_lidar.ply,0.10002,799,0.18121,0.09938,0.15001,500,0.24904,0.13553,0.25,200,0.0124,0.16239,0.2,800,0.21434,0.16505,0.25,800,0.22899,0.19774,standard
SeasonalForestSpring,000820_lcam_front_lidar.ply,0.10002,799,0.17667,0.09931,0.15001,500,0.25602,0.13991,0.25,200,0.01571,0.16634,0.2,800,0.21326,0.16921,0.25,800,0.22368,0.18683,standard
SeasonalForestSpring,000821_lcam_front_lidar.ply,0.10002,799,0.16957,0.10095,0.15001,500,0.02412,0.1371,0.25,200,0.01439,0.19033,0.2,800,0.20275,0.15648,0.25,800,0.21282,0.17288,rl_v2_reward
SeasonalForestSpring,000822_lcam_front_lidar.ply,0.10002,799,0.19071,0.09753,0.15001,500,0.24405,0.13306,0.25,200,0.00682,0.00287,0.2,800,0.2141,0.17336,0.25,800,0.22659,0.1981,standard
SeasonalForestSpring,000823_lcam_front_lidar.ply,0.10002,799,0.18558,0.10031,0.15001,500,0.25648,0.13409,0.25,200,0.00718,0.00402,0.2,800,0.21162,0.17212,0.25,800,0.22162,0.18992,standard
SeasonalForestSpring,000824_lcam_front_lidar.ply,0.10002,799,0.17251,0.10331,0.15001,500,0.26082,0.14301,0.25,200,0.00686,0.00404,0.2,800,0.21454,0.17442,0.25,800,0.22431,0.18938,standard
SeasonalForestSpring,000825_lcam_front_lidar.ply,0.10002,799,0.15567,0.09573,0.15001,500,0.2442,0.13823,0.25,200,0.01518,0.20376,0.2,800,0.21271,0.16647,0.25,800,0.22318,0.18544,standard
SeasonalForestSpring,000826_lcam_front_lidar.ply,0.10002,799,0.16329,0.10541,0.15001,500,0.23834,0.14154,0.25,200,0.01605,0.21789,0.2,800,0.20787,0.16973,0.25,800,0.21778,0.1827,standard
SeasonalForestSpring,000827_lcam_front_lidar.ply,0.10002,799,0.15451,0.10549,0.15001,500,0.24208,0.14379,0.25,200,0.01274,0.2074,0.2,800,0.21572,0.19021,0.25,800,0.22517,0.20692,standard
SeasonalForestSpring,000828_lcam_front_lidar.ply,0.10002,799,0.15725,0.1073,0.15001,500,0.24983,0.1538,0.25,200,0.00874,0.15689,0.2,800,0.21968,0.18857,0.25,800,0.23035,0.2068,standard
SeasonalForestSpring,000829_lcam_front_lidar.ply,0.10002,799,0.13987,0.1046,0.15001,500,0.23724,0.15748,0.25,200,0.00615,0.00393,0.2,800,0.20777,0.18826,0.25,800,0.21861,0.20663,standard
SeasonalForestSpring,000830_lcam_front_lidar.ply,0.10002,799,0.14372,0.10688,0.15001,500,0.23669,0.15818,0.25,200,0.01261,0.21348,0.2,800,0.20457,0.19146,0.2,800,0.21019,0.19794,standard
SeasonalForestSpring,000831_lcam_front_lidar.ply,0.10002,799,0.14444,0.11131,0.15001,500,0.23492,0.15045,0.25,200,0.01064,0.209,0.2,800,0.21657,0.18377,0.2,800,0.21546,0.18239,standard
SeasonalForestSpring,000832_lcam_front_lidar.ply,0.10002,799,0.1261,0.105,0.15001,500,0.2275,0.15636,0.25,200,0.00842,0.1628,0.2,800,0.20787,0.20048,0.25,800,0.22432,0.23004,standard
SeasonalForestSpring,000833_lcam_front_lidar.ply,0.10002,799,0.13691,0.10265,0.15001,500,0.23801,0.16237,0.25,200,0.01016,0.20141,0.2,800,0.20226,0.18725,0.2,800,0.20465,0.19106,standard
SeasonalForestSpring,000834_lcam_front_lidar.ply,0.10002,799,0.13049,0.11147,0.15001,500,0.21541,0.15806,0.25,200,0.02563,0.16111,0.2,800,0.20612,0.19351,0.2,800,0.20603,0.19349,standard
SeasonalForestSpring,000835_lcam_front_lidar.ply,0.10002,799,0.10107,0.10474,0.15001,500,0.2085,0.15921,0.25,200,0.0229,0.15897,0.2,800,0.20298,0.21178,0.2,800,0.19047,0.19507,standard
SeasonalForestSpring,000836_lcam_front_lidar.ply,0.10002,799,0.10166,0.09376,0.15001,500,0.20663,0.16059,0.25,200,0.00852,0.18904,0.2,800,0.19976,0.20714,0.2,800,0.19896,0.20607,standard
SeasonalForestSpring,000837_lcam_front_lidar.ply,0.10002,799,0.10611,0.10687,0.15001,500,0.19937,0.15179,0.25,200,0.01702,0.13465,0.2,800,0.19852,0.2137,0.2,800,0.19609,0.20513,standard
SeasonalForestSpring,000838_lcam_front_lidar.ply,0.10002,799,0.09484,0.1057,0.15001,500,0.19334,0.13995,0.25,200,0.00931,0.20406,0.2,800,0.19839,0.20728,0.2,800,0.20075,0.21184,rl_v2_reward
SeasonalForestSpring,000839_lcam_front_lidar.ply,0.10002,799,0.09567,0.09143,0.15001,500,0.18005,0.14533,0.25,200,0.00568,0.00206,0.2,800,0.19817,0.20811,0.2,800,0.19511,0.20304,rl
SeasonalForestSpring,000840_lcam_front_lidar.ply,0.10002,799,0.10115,0.09211,0.15001,500,0.21823,0.16749,0.25,200,0.00906,0.11896,0.2,800,0.1935,0.2091,0.2,800,0.18955,0.20199,standard
SeasonalForestSpring,000841_lcam_front_lidar.ply,0.10002,799,0.10313,0.087,0.15001,500,0.1825,0.12366,0.25,200,0.01942,0.12811,0.2,800,0.19013,0.20888,0.2,800,0.18117,0.19416,rl
SeasonalForestSpring,000842_lcam_front_lidar.ply,0.10002,799,0.09908,0.08654,0.15001,500,0.19316,0.13076,0.25,200,0.02028,0.14672,0.2,800,0.17353,0.17547,0.2,800,0.18894,0.19871,standard
SeasonalForestSpring,000843_lcam_front_lidar.ply,0.10002,799,0.09784,0.08779,0.15001,500,0.19191,0.14049,0.25,200,0.00998,0.15203,0.2,800,0.17379,0.19387,0.2,800,0.16685,0.17912,standard
SeasonalForestSpring,000844_lcam_front_lidar.ply,0.10002,799,0.11102,0.09466,0.15001,500,0.18535,0.13822,0.25,200,0.01293,0.12707,0.2,800,0.1789,0.20134,0.2,800,0.17668,0.19769,standard
SeasonalForestSpring,000845_lcam_front_lidar.ply,0.10002,799,0.10843,0.09969,0.15001,500,0.19607,0.16339,0.25,200,0.01578,0.14517,0.2,800,0.18035,0.20925,0.2,800,0.17442,0.19114,standard
SeasonalForestSpring,000846_lcam_front_lidar.ply,0.10002,799,0.0955,0.08815,0.15001,500,0.17319,0.14236,0.25,200,0.01952,0.14266,0.2,800,0.15983,0.20017,0.2,800,0.1653,0.20307,standard
SeasonalForestSpring,000847_lcam_front_lidar.ply,0.10002,799,0.09793,0.0847,0.15001,500,0.17211,0.15849,0.25,200,0.01754,0.18334,0.2,800,0.16542,0.20315,0.2,800,0.16606,0.20361,standard
SeasonalForestSpring,000848_lcam_front_lidar.ply,0.10002,799,0.09582,0.09356,0.15001,500,0.16587,0.15221,0.25,200,0.01447,0.13823,0.2,800,0.1547,0.19309,0.2,800,0.13926,0.17906,standard
SeasonalForestSpring,000849_lcam_front_lidar.ply,0.10002,799,0.11625,0.10507,0.15001,500,0.17896,0.15508,0.25,200,0.26382,0.23071,0.2,800,0.16736,0.19606,0.2,800,0.16745,0.19916,loose
SeasonalForestSpring,000850_lcam_front_lidar.ply,0.10002,799,0.10823,0.10037,0.15001,500,0.17708,0.14629,0.25,200,0.02001,0.16562,0.2,800,0.15705,0.19976,0.2,800,0.15708,0.18906,standard
SeasonalForestSpring,000851_lcam_front_lidar.ply,0.10002,799,0.10968,0.10497,0.15001,500,0.15875,0.14212,0.25,200,0.00778,0.19255,0.2,800,0.15721,0.1931,0.2,800,0.14058,0.17881,standard
SeasonalForestSpring,000852_lcam_front_lidar.ply,0.10002,799,0.09752,0.10033,0.15001,500,0.16163,0.1486,0.25,200,0.01224,0.27412,0.2,800,0.14834,0.18234,0.2,800,0.15188,0.1896,standard
SeasonalForestSpring,000853_lcam_front_lidar.ply,0.10002,799,0.10284,0.09597,0.15001,500,0.16704,0.14787,0.25,200,0.01465,0.12799,0.2,800,0.14204,0.17885,0.2,800,0.14907,0.17929,standard
SeasonalForestSpring,000854_lcam_front_lidar.ply,0.10002,799,0.09655,0.09638,0.15001,500,0.15738,0.14521,0.25,200,0.01761,0.14452,0.2,800,0.14937,0.17704,0.2,800,0.14677,0.17219,standard
SeasonalForestSpring,000855_lcam_front_lidar.ply,0.10002,799,0.09871,0.10399,0.15001,500,0.15838,0.15036,0.25,200,0.01082,0.25769,0.2,800,0.13797,0.17618,0.2,800,0.13518,0.17134,standard
SeasonalForestSpring,000856_lcam_front_lidar.ply,0.10002,799,0.10819,0.10741,0.15001,500,0.15612,0.14548,0.25,200,0.02058,0.13447,0.2,800,0.14487,0.18721,0.2,800,0.14251,0.16607,standard
SeasonalForestSpring,000857_lcam_front_lidar.ply,0.10002,799,0.10123,0.09574,0.15001,500,0.14958,0.14481,0.25,200,0.02478,0.12724,0.2,800,0.14136,0.17214,0.2,800,0.13762,0.16904,standard
SeasonalForestSpring,000858_lcam_front_lidar.ply,0.10002,799,0.09932,0.10101,0.15001,500,0.15214,0.13965,0.25,200,0.03033,0.12976,0.2,800,0.12296,0.15013,0.2,800,0.1219,0.14901,standard
SeasonalForestSpring,000859_lcam_front_lidar.ply,0.10002,799,0.08131,0.09867,0.15001,500,0.15262,0.14676,0.25,200,0.02544,0.14186,0.2,800,0.13577,0.16714,0.2,800,0.13195,0.16512,standard
SeasonalForestSpring,000860_lcam_front_lidar.ply,0.10002,799,0.10165,0.10244,0.15001,500,0.15134,0.13926,0.25,200,0.01267,0.10788,0.2,800,0.11926,0.14535,0.2,800,0.12372,0.16008,standard
SeasonalForestSpring,000861_lcam_front_lidar.ply,0.10002,799,0.10579,0.09706,0.15001,500,0.15257,0.12849,0.25,200,0.00772,0.18591,0.2,800,0.12368,0.15798,0.2,800,0.12193,0.1453,standard
SeasonalForestSpring,000862_lcam_front_lidar.ply,0.10002,799,0.10359,0.09657,0.15001,500,0.15483,0.12885,0.25,200,0.02917,0.1523,0.2,800,0.12336,0.14751,0.2,800,0.11469,0.13939,standard
SeasonalForestSpring,000863_lcam_front_lidar.ply,0.10002,799,0.10647,0.08782,0.15001,500,0.1541,0.12359,0.25,200,0.0196,0.14349,0.2,800,0.12675,0.14389,0.2,800,0.12393,0.13601,standard
SeasonalForestSpring,000864_lcam_front_lidar.ply,0.10002,799,0.10222,0.09857,0.15001,500,0.14616,0.12628,0.25,200,0.0126,0.1473,0.2,800,0.11606,0.13546,0.2,800,0.11609,0.1439,standard
SeasonalForestSpring,000865_lcam_front_lidar.ply,0.10002,799,0.1012,0.09492,0.15001,500,0.15049,0.12266,0.25,200,0.01477,0.15017,0.2,800,0.11705,0.13602,0.2,800,0.11345,0.13296,standard
SeasonalForestSpring,000866_lcam_front_lidar.ply,0.10002,799,0.11494,0.0938,0.15001,500,0.16295,0.12721,0.25,200,0.01259,0.14275,0.2,800,0.1215,0.1383,0.2,800,0.12311,0.14103,standard
SeasonalForestSpring,000867_lcam_front_lidar.ply,0.10002,799,0.12009,0.09492,0.15001,500,0.16266,0.12117,0.25,200,0.01067,0.1406,0.2,800,0.11723,0.13818,0.2,800,0.11788,0.13946,standard
SeasonalForestSpring,000868_lcam_front_lidar.ply,0.10002,799,0.11927,0.0945,0.15001,500,0.16322,0.12057,0.25,200,0.01477,0.14964,0.2,800,0.11938,0.14196,0.2,800,0.11989,0.14147,standard
SeasonalForestSpring,000869_lcam_front_lidar.ply,0.10002,799,0.10197,0.09567,0.15001,500,0.144,0.12055,0.25,200,0.01749,0.1383,0.2,800,0.11151,0.12991,0.2,800,0.1123,0.12985,standard
SeasonalForestSpring,000870_lcam_front_lidar.ply,0.10002,799,0.11007,0.08914,0.15001,500,0.14949,0.11759,0.25,200,0.01569,0.12553,0.2,800,0.11645,0.14385,0.2,800,0.12086,0.14012,standard
SeasonalForestSpring,000871_lcam_front_lidar.ply,0.10002,799,0.10443,0.09143,0.15001,500,0.15671,0.12413,0.25,200,0.0253,0.12411,0.2,800,0.1144,0.1313,0.2,800,0.11468,0.13001,standard
SeasonalForestSpring,000872_lcam_front_lidar.ply,0.10002,799,0.10343,0.09442,0.15001,500,0.15232,0.12651,0.25,200,0.02649,0.11917,0.2,800,0.11959,0.13695,0.2,800,0.12197,0.13935,standard
SeasonalForestSpring,000873_lcam_front_lidar.ply,0.10002,799,0.09158,0.09142,0.15001,500,0.14207,0.12643,0.25,200,0.01464,0.12867,0.2,800,0.10247,0.13553,0.2,800,0.10289,0.1365,standard
SeasonalForestSpring,000874_lcam_front_lidar.ply,0.10002,799,0.09442,0.09404,0.15001,500,0.14062,0.12786,0.25,200,0.01154,0.1247,0.2,800,0.11313,0.14403,0.2,800,0.10996,0.13717,standard
SeasonalForestSpring,000875_lcam_front_lidar.ply,0.10002,799,0.089,0.09313,0.15001,500,0.1441,0.13576,0.25,200,0.0184,0.14365,0.2,800,0.10634,0.14321,0.2,800,0.10866,0.14377,standard
SeasonalForestSpring,000876_lcam_front_lidar.ply,0.10002,799,0.0839,0.09736,0.15001,500,0.12496,0.13544,0.25,200,0.17158,0.18849,0.2,800,0.0999,0.15118,0.2,800,0.10139,0.14501,loose
SeasonalForestSpring,000877_lcam_front_lidar.ply,0.10002,799,0.07622,0.09263,0.15001,500,0.12822,0.13917,0.25,200,0.01887,0.14273,0.2,800,0.10032,0.13881,0.2,800,0.1009,0.1394,standard
SeasonalForestSpring,000878_lcam_front_lidar.ply,0.10002,799,0.09363,0.09711,0.15001,500,0.13569,0.12696,0.25,200,0.02992,0.18202,0.2,800,0.10223,0.139,0.2,800,0.1326,0.16803,standard
SeasonalForestSpring,000879_lcam_front_lidar.ply,0.10002,799,0.08715,0.09532,0.15001,500,0.14431,0.1431,0.25,200,0.03325,0.14423,0.2,800,0.10077,0.14969,0.2,800,0.10115,0.14585,standard
SeasonalForestSpring,000880_lcam_front_lidar.ply,0.10002,799,0.08564,0.09683,0.15001,500,0.13573,0.14191,0.25,200,0.01217,0.15635,0.2,800,0.10283,0.14956,0.2,800,0.10247,0.14754,standard
SeasonalForestSpring,000881_lcam_front_lidar.ply,0.10002,799,0.0914,0.09771,0.15001,500,0.1321,0.13974,0.25,200,0.02518,0.15394,0.2,800,0.11826,0.17301,0.2,800,0.0972,0.15691,standard
SeasonalForestSpring,000882_lcam_front_lidar.ply,0.10002,799,0.0873,0.09804,0.15001,500,0.1321,0.13329,0.25,200,0.02855,0.14277,0.2,800,0.10638,0.1551,0.2,800,0.13095,0.17798,standard
SeasonalForestSpring,000883_lcam_front_lidar.ply,0.10002,799,0.07649,0.09379,0.15001,500,0.13201,0.13373,0.25,200,0.01347,0.14192,0.2,800,0.10265,0.14833,0.2,800,0.10307,0.15865,standard
SeasonalForestSpring,000884_lcam_front_lidar.ply,0.10002,799,0.08022,0.09317,0.15001,500,0.12871,0.14229,0.25,200,0.02186,0.12486,0.2,800,0.13122,0.18158,0.2,800,0.13419,0.1831,rl_v2_reward
SeasonalForestSpring,000885_lcam_front_lidar.ply,0.10002,799,0.07953,0.09593,0.15001,500,0.1268,0.13095,0.25,200,0.01177,0.18682,0.2,800,0.1071,0.16774,0.2,800,0.1394,0.19111,rl_v2_reward
SeasonalForestSpring,000886_lcam_front_lidar.ply,0.10002,799,0.08031,0.10519,0.15001,500,0.12579,0.14761,0.25,200,0.01098,0.14915,0.2,800,0.12846,0.19231,0.2,800,0.13291,0.19599,rl_v2_reward
SeasonalForestSpring,000887_lcam_front_lidar.ply,0.10002,799,0.06846,0.08853,0.15001,500,0.13183,0.14552,0.25,200,0.01507,0.13917,0.2,800,0.13671,0.19961,0.2,800,0.10754,0.1873,rl
SeasonalForestSpring,000888_lcam_front_lidar.ply,0.10002,799,0.06977,0.0889,0.15001,500,0.02056,0.10064,0.25,200,0.01398,0.16154,0.2,800,0.09847,0.16299,0.2,800,0.12911,0.18631,rl_v2_reward
SeasonalForestSpring,000889_lcam_front_lidar.ply,0.10002,799,0.06643,0.09429,0.15001,500,0.02462,0.10333,0.25,200,0.01331,0.15634,0.2,800,0.1314,0.18789,0.2,800,0.14125,0.19909,rl_v2_reward
SeasonalForestSpring,000890_lcam_front_lidar.ply,0.10002,799,0.06162,0.11342,0.15001,500,0.04112,0.12439,0.25,200,0.01144,0.15965,0.2,800,0.13699,0.2104,0.2,800,0.13948,0.21426,rl_v2_reward
SeasonalForestSpring,000891_lcam_front_lidar.ply,0.10002,799,0.06175,0.1251,0.15001,500,0.01939,0.08943,0.25,200,0.01485,0.16306,0.2,800,0.15077,0.22508,0.2,800,0.1586,0.23004,rl_v2_reward
SeasonalForestSpring,000892_lcam_front_lidar.ply,0.10002,799,0.0712,0.1027,0.15001,500,0.15309,0.18478,0.25,200,0.002,0.20791,0.2,800,0.12373,0.19158,0.2,800,0.12939,0.20046,standard
SeasonalForestSpring,000893_lcam_front_lidar.ply,0.10002,799,0.07429,0.09973,0.15001,500,0.03072,0.14696,0.25,200,0.01206,0.1918,0.2,800,0.11793,0.19283,0.2,800,0.14491,0.21723,rl_v2_reward
SeasonalForestSpring,000894_lcam_front_lidar.ply,0.10002,799,0.07396,0.10909,0.15001,500,0.02479,0.15501,0.25,200,0.01531,0.08016,0.2,800,0.11135,0.19307,0.2,800,0.14594,0.24989,rl_v2_reward
SeasonalForestSpring,000895_lcam_front_lidar.ply,0.10002,799,0.07388,0.09627,0.15001,500,0.05642,0.10939,0.25,200,0.00441,0.22672,0.2,800,0.1209,0.20074,0.2,800,0.11374,0.18962,rl
SeasonalForestSpring,000896_lcam_front_lidar.ply,0.10002,799,0.16214,0.06182,0.15001,500,0.18971,0.09443,0.25,200,0.01875,0.11698,0.2,800,0.11069,0.18354,0.2,800,0.10533,0.17343,standard
SeasonalForestSpring,000897_lcam_front_lidar.ply,0.10002,799,0.14471,0.04612,0.15001,500,0.1944,0.09736,0.25,200,0.01633,0.17649,0.2,800,0.09672,0.18144,0.2,800,0.14326,0.24437,standard
SeasonalForestSpring,000898_lcam_front_lidar.ply,0.10002,799,0.10008,0.08679,0.15001,500,0.19234,0.13251,0.25,200,0.0089,0.17772,0.2,800,0.13905,0.22369,0.2,800,0.12453,0.20957,standard
SeasonalForestSpring,000899_lcam_front_lidar.ply,0.10002,799,0.20032,0.10127,0.15001,500,0.22623,0.1226,0.25,200,0.00422,0.00165,0.15,800,0.10024,0.14896,0.2,800,0.16927,0.24026,standard
SeasonalForestSpring,000900_lcam_front_lidar.ply,0.10002,799,0.11131,0.12274,0.15001,500,0.1787,0.16055,0.25,200,0.01396,0.17249,0.2,800,0.11916,0.1894,0.2,800,0.11688,0.1849,standard
SeasonalForestSpring,000901_lcam_front_lidar.ply,0.10002,799,0.07849,0.11936,0.15001,500,0.06659,0.14596,0.25,200,0.04456,0.13399,0.2,800,0.16668,0.24295,0.2,800,0.16448,0.24167,rl
SeasonalForestSpring,000902_lcam_front_lidar.ply,0.10002,799,0.0398,0.11689,0.15001,500,0.04916,0.14697,0.25,200,0.02128,0.12161,0.2,800,0.16099,0.22766,0.2,800,0.16405,0.22893,rl_v2_reward
SeasonalForestSpring,000903_lcam_front_lidar.ply,0.10002,799,0.11358,0.12029,0.15001,500,0.0387,0.1381,0.25,200,0.03964,0.15947,0.15,800,0.11643,0.18272,0.2,800,0.15493,0.23914,rl_v2_reward
SeasonalForestSpring,000904_lcam_front_lidar.ply,0.10002,799,0.11723,0.1241,0.15001,500,0.03192,0.11536,0.25,200,0.02561,0.24831,0.2,800,0.14985,0.23043,0.2,800,0.14677,0.21954,rl
SeasonalForestSpring,000905_lcam_front_lidar.ply,0.10002,799,0.11066,0.1184,0.15001,500,0.00425,0.10715,0.25,200,0.017,0.20705,0.15,800,0.12354,0.17482,0.2,800,0.14668,0.23025,rl_v2_reward
SeasonalForestSpring,000906_lcam_front_lidar.ply,0.10002,799,0.10016,0.09719,0.15001,500,0.02121,0.09917,0.25,200,0.03244,0.165,0.2,800,0.14348,0.22743,0.2,800,0.15129,0.23699,rl_v2_reward
SeasonalForestSpring,000907_lcam_front_lidar.ply,0.10002,799,0.11226,0.10061,0.15001,500,0.16098,0.13149,0.25,200,0.02209,0.22316,0.2,800,0.15855,0.23517,0.2,800,0.12304,0.19356,standard
SeasonalForestSpring,000908_lcam_front_lidar.ply,0.10002,799,0.12303,0.10383,0.15001,500,0.16889,0.13349,0.25,200,0.03149,0.22004,0.2,800,0.03806,0.12446,0.2,800,0.03809,0.11797,standard
SeasonalForestSpring,000909_lcam_front_lidar.ply,0.10002,799,0.11183,0.09383,0.15001,500,0.00062,0.00061,0.25,200,0.02131,0.1725,0.2,800,0.03344,0.12923,0.2,800,0.10864,0.16307,strict
SeasonalForestSpring,000910_lcam_front_lidar.ply,0.10002,799,0.12783,0.10233,0.15001,500,0.17242,0.12212,0.25,200,0.03575,0.26434,0.2,800,0.11256,0.16872,0.2,800,0.11126,0.16149,standard
SeasonalForestSpring,000911_lcam_front_lidar.ply,0.10002,799,0.11971,0.09572,0.15001,500,0.17547,0.12183,0.25,200,0.0263,0.17816,0.2,800,0.03433,0.11996,0.2,800,0.03641,0.10686,standard
SeasonalForestSpring,000912_lcam_front_lidar.ply,0.10002,799,0.11622,0.09342,0.15001,500,0.16992,0.11428,0.25,200,0.03754,0.17374,0.2,800,0.04154,0.13529,0.2,800,0.03793,0.12493,standard
SeasonalForestSpring,000913_lcam_front_lidar.ply,0.10002,799,0.12349,0.09672,0.15001,500,0.00166,0.00043,0.25,200,0.03526,0.25687,0.2,800,0.04293,0.11661,0.2,800,0.12424,0.1875,rl_v2_reward
SeasonalForestSpring,000914_lcam_front_lidar.ply,0.10002,799,0.11707,0.09668,0.15001,500,0.18093,0.12848,0.25,200,0.0395,0.19963,0.2,800,0.03509,0.12801,0.2,800,0.03969,0.12682,standard
SeasonalForestSpring,000915_lcam_front_lidar.ply,0.10002,799,0.12186,0.09118,0.15001,500,0.00111,0.00023,0.25,200,0.03868,0.25865,0.15,800,0.10401,0.12645,0.2,800,0.04445,0.12708,strict
SeasonalForestSpring,000916_lcam_front_lidar.ply,0.10002,799,0.11792,0.09515,0.15001,500,0.05381,0.09956,0.25,200,0.04705,0.18442,0.2,800,0.0315,0.12165,0.2,800,0.12803,0.18155,rl_v2_reward
SeasonalForestSpring,000917_lcam_front_lidar.ply,0.10002,799,0.055,0.08683,0.15001,500,0.0544,0.10964,0.25,200,0.03872,0.18761,0.15,800,0.05929,0.14068,0.2,800,0.03453,0.11483,rl
SeasonalForestSpring,000918_lcam_front_lidar.ply,0.10002,799,0.12352,0.09456,0.15001,500,0.05103,0.10809,0.25,200,0.04614,0.15571,0.15,800,0.10342,0.13764,0.2,800,0.04137,0.11926,strict
SeasonalForestSpring,000919_lcam_front_lidar.ply,0.10002,799,0.09753,0.09529,0.15001,500,0.04207,0.10157,0.25,200,0.03378,0.13661,0.15,800,0.09543,0.11885,0.2,800,0.00188,0.00232,strict
SeasonalForestSpring,000920_lcam_front_lidar.ply,0.10002,799,0.10053,0.09096,0.15001,500,0.04929,0.10815,0.25,200,0.04211,0.17686,0.2,800,0.00063,0.08542,0.2,800,0.04571,0.11443,strict
SeasonalForestSpring,000921_lcam_front_lidar.ply,0.10002,799,0.10371,0.09262,0.15001,500,0.00298,0.00081,0.25,200,0.04189,0.16976,0.2,800,0.03763,0.11941,0.2,800,0.03749,0.12209,strict
SeasonalForestSpring,000922_lcam_front_lidar.ply,0.10002,799,0.09299,0.09277,0.15001,500,0.0497,0.11326,0.25,200,0.0441,0.17043,0.15,800,0.05592,0.10165,0.2,800,0.05677,0.15658,strict
SeasonalForestSpring,000923_lcam_front_lidar.ply,0.10002,799,0.09352,0.08897,0.15001,500,0.12969,0.11312,0.25,200,0.04585,0.16589,0.15,800,0.10042,0.12881,0.2,800,0.04926,0.14601,standard
SeasonalForestSpring,000924_lcam_front_lidar.ply,0.10002,799,0.08909,0.08837,0.15001,500,0.042,0.10095,0.25,200,0.04308,0.16842,0.15,800,0.14947,0.17652,0.2,800,0.18866,0.227,rl_v2_reward
SeasonalForestSpring,000925_lcam_front_lidar.ply,0.10002,799,0.07653,0.08573,0.15001,500,0.04531,0.10206,0.25,200,0.00488,0.03582,0.15,800,0.14821,0.17993,0.2,800,0.05847,0.14952,rl
SeasonalForestSpring,000926_lcam_front_lidar.ply,0.10002,799,0.09718,0.12227,0.15001,500,0.04493,0.11255,0.25,200,0.00583,0.13103,0.15,800,0.04564,0.10648,0.2,800,0.03612,0.11006,strict
SeasonalForestSpring,000927_lcam_front_lidar.ply,0.10002,799,0.07097,0.09191,0.15001,500,0.04744,0.10687,0.25,200,0.03761,0.14253,0.15,800,0.08868,0.13527,0.2,800,0.03442,0.10731,rl
SeasonalForestSpring,000928_lcam_front_lidar.ply,0.10002,799,0.05325,0.083,0.15001,500,0.04939,0.11539,0.25,200,0.03596,0.16076,0.15,800,0.06309,0.13096,0.2,800,0.06351,0.14373,rl_v2_reward
SeasonalForestSpring,000929_lcam_front_lidar.ply,0.10002,799,0.0735,0.10893,0.15001,500,0.04099,0.10543,0.25,200,0.03405,0.14297,0.2,800,0.16338,0.21716,0.2,800,0.16349,0.21909,rl_v2_reward
SeasonalForestSpring,000930_lcam_front_lidar.ply,0.10002,799,0.09616,0.10429,0.15001,500,0.04958,0.11842,0.25,200,0.03353,0.17912,0.15,800,0.05652,0.13144,0.2,800,0.17019,0.22469,rl_v2_reward
SeasonalForestSpring,000931_lcam_front_lidar.ply,0.10002,799,0.0776,0.1088,0.15001,500,0.04403,0.11124,0.25,200,0.00909,0.19359,0.15,800,0.0587,0.13096,0.2,800,0.06321,0.15603,strict
SeasonalForestSpring,000932_lcam_front_lidar.ply,0.10002,799,0.00241,0.00046,0.15001,500,0.0387,0.10146,0.25,200,0.03794,0.16945,0.15,800,0.05527,0.13008,0.2,800,0.06191,0.14697,rl_v2_reward
SeasonalForestSpring,000933_lcam_front_lidar.ply,0.10002,799,0.0,0.0,0.15001,500,0.00245,0.00152,0.25,200,0.03615,0.13704,0.15,800,0.04115,0.10344,0.2,800,0.04334,0.12815,rl_v2_reward
SeasonalForestSpring,000934_lcam_front_lidar.ply,0.10002,799,0.0,0.0,0.15001,500,0.01253,0.17223,0.25,200,0.00766,0.03802,0.15,800,0.13879,0.14808,0.2,800,0.04725,0.11146,rl
SeasonalForestSpring,000935_lcam_front_lidar.ply,0.10002,799,0.0,0.0,0.15001,500,0.00533,0.00841,0.25,200,0.00915,0.13353,0.15,800,0.12,0.13656,0.2,800,0.05528,0.1095,rl
SeasonalForestSpring,000936_lcam_front_lidar.ply,0.10002,799,0.12977,0.06106,0.15001,500,0.1838,0.11043,0.25,200,0.00613,0.02536,0.15,800,0.071,0.11705,0.2,800,0.06028,0.10977,standard
SeasonalForestSpring,000937_lcam_front_lidar.ply,0.10002,799,0.15181,0.06117,0.15001,500,0.00286,0.00513,0.25,200,0.00484,0.01648,0.15,800,0.06459,0.1258,0.2,800,0.04338,0.10264,strict
SeasonalForestSpring,000938_lcam_front_lidar.ply,0.10002,799,0.13864,0.08241,0.15001,500,0.00773,0.17053,0.25,200,0.02039,0.21389,0.15,800,0.11901,0.15706,0.2,800,0.05272,0.1076,strict
SeasonalForestSpring,000939_lcam_front_lidar.ply,0.10002,799,0.07208,0.07648,0.15001,500,0.10206,0.11279,0.25,200,0.0066,0.03357,0.2,800,0.0639,0.12975,0.2,800,0.05417,0.13035,standard
SeasonalForestSpring,000940_lcam_front_lidar.ply,0.10002,799,0.03089,0.06136,0.15001,500,0.00177,0.04981,0.25,200,0.00528,0.01554,0.15,800,0.0757,0.13421,0.2,800,0.07162,0.16145,rl
SeasonalForestSpring,000941_lcam_front_lidar.ply,0.10002,799,0.0,0.0,0.15001,500,0.00171,0.00039,0.25,200,0.00214,0.00555,0.15,800,0.06063,0.14199,0.2,800,0.06918,0.1564,rl_v2_reward
SeasonalForestSpring,000942_lcam_front_lidar.ply,0.10002,799,0.0,0.0,0.15001,500,0.01822,0.07458,0.25,200,0.0041,0.00924,0.2,800,0.10824,0.17033,0.2,800,0.14019,0.19444,rl_v2_reward
SeasonalForestSpring,000943_lcam_front_lidar.ply,0.10002,799,0.0,0.0,0.15001,500,0.04963,0.08311,0.25,200,0.00991,0.12198,0.2,800,0.07842,0.15076,0.2,800,0.07884,0.15012,rl_v2_reward
SeasonalForestSpring,000944_lcam_front_lidar.ply,0.10002,799,0.0,0.0,0.15001,500,0.14278,0.15246,0.25,200,0.00941,0.03736,0.2,800,0.07722,0.15634,0.2,800,0.0754,0.15593,standard
SeasonalForestSpring,000945_lcam_front_lidar.ply,0.10002,799,0.05696,0.08978,0.15001,500,0.10133,0.12841,0.25,200,0.004,0.00884,0.2,800,0.07245,0.14145,0.2,800,0.07164,0.13936,standard
SeasonalForestSpring,000946_lcam_front_lidar.ply,0.10002,799,0.0611,0.09838,0.15001,500,0.00672,0.01925,0.25,200,0.00207,0.00596,0.2,800,0.07096,0.12507,0.2,800,0.07067,0.12444,rl
SeasonalForestSpring,000947_lcam_front_lidar.ply,0.10002,799,0.00179,0.00036,0.15001,500,0.02483,0.14495,0.25,200,0.00457,0.01161,0.2,800,0.06747,0.14978,0.2,800,0.06753,0.14636,rl_v2_reward
SeasonalForestSpring,000948_lcam_front_lidar.ply,0.10002,799,0.05511,0.11311,0.15001,500,0.0759,0.16581,0.25,200,0.0052,0.01388,0.2,800,0.08044,0.1475,0.2,800,0.08047,0.14666,rl_v2_reward
SeasonalForestSpring,000949_lcam_front_lidar.ply,0.10002,799,0.0,0.0,0.15001,500,0.13695,0.15839,0.25,200,0.00449,0.01037,0.2,800,0.06776,0.13755,0.2,800,0.06506,0.13645,standard
SeasonalForestSpring,000950_lcam_front_lidar.ply,0.10002,799,0.00188,0.0005,0.15001,500,0.18183,0.18559,0.25,200,0.00427,0.00801,0.15,800,0.06717,0.11813,0.2,800,0.0618,0.12342,standard
SeasonalForestSpring,000951_lcam_front_lidar.ply,0.10002,799,0.16564,0.09677,0.15001,500,0.00678,0.00909,0.25,200,0.00618,0.01547,0.15,800,0.0,0.0,0.2,800,0.05831,0.1393,strict
SeasonalForestSpring,000952_lcam_front_lidar.ply,0.10002,799,0.13798,0.0741,0.15001,500,0.00751,0.00705,0.25,200,0.00221,0.00266,0.2,800,0.06237,0.14898,0.2,800,0.06616,0.15105,strict
SeasonalForestSpring,000953_lcam_front_lidar.ply,0.10002,799,0.0,0.0,0.15001,500,0.10369,0.20971,0.25,200,0.0021,0.00234,0.15,800,0.11069,0.14673,0.2,800,0.1275,0.184,rl_v2_reward
SeasonalForestSpring,000954_lcam_front_lidar.ply,0.10002,799,0.0,0.0,0.15001,500,0.0007,0.00102,0.25,200,0.00588,0.01479,0.2,800,0.12624,0.1905,0.2,800,0.0467,0.10171,rl
SeasonalForestSpring,000955_lcam_front_lidar.ply,0.10002,799,0.06118,0.07696,0.15001,500,0.02605,0.20638,0.25,200,0.00694,0.02365,0.2,800,0.12042,0.2076,0.2,800,0.11372,0.18523,rl
SeasonalForestSpring,000956_lcam_front_lidar.ply,0.10002,799,0.07646,0.08488,0.15001,500,0.00334,0.17982,0.25,200,0.00137,0.00109,0.2,800,0.11617,0.1814,0.2,800,0.10675,0.17569,rl
SeasonalForestSpring,000957_lcam_front_lidar.ply,0.10002,799,0.05479,0.08354,0.15001,500,0.00411,0.00167,0.25,200,0.00161,0.00187,0.2,800,0.09487,0.16378,0.2,800,0.10831,0.19087,rl_v2_reward
SeasonalForestSpring,000958_lcam_front_lidar.ply,0.10002,799,0.04778,0.10026,0.15001,500,0.00171,0.00123,0.25,200,0.00246,0.00775,0.2,800,0.10114,0.18811,0.2,800,0.10148,0.18652,rl_v2_reward
SeasonalForestSpring,000959_lcam_front_lidar.ply,0.10002,799,0.09183,0.10783,0.15001,500,0.0058,0.10041,0.25,200,0.00408,0.0061,0.2,800,0.12665,0.18595,0.2,800,0.12819,0.18358,rl_v2_reward
SeasonalForestSpring,000960_lcam_front_lidar.ply,0.10002,799,0.04262,0.09814,0.15001,500,0.00209,0.10274,0.25,200,0.00168,0.00495,0.2,800,0.12111,0.18544,0.2,800,0.11804,0.17436,rl
SeasonalForestSpring,000961_lcam_front_lidar.ply,0.10002,799,0.08478,0.11341,0.15001,500,0.00244,0.06423,0.25,200,0.00213,0.00869,0.2,800,0.11817,0.18049,0.2,800,0.12097,0.18421,rl_v2_reward
SeasonalForestSpring,000962_lcam_front_lidar.ply,0.10002,799,0.10658,0.11313,0.15001,500,0.04156,0.19346,0.25,200,0.00297,0.01019,0.2,800,0.11919,0.18128,0.2,800,0.11848,0.17795,rl
SeasonalForestSpring,000963_lcam_front_lidar.ply,0.10002,799,0.05152,0.10007,0.15001,500,0.038,0.21018,0.25,200,0.0048,0.01148,0.2,800,0.12288,0.16576,0.2,800,0.12396,0.17009,rl_v2_reward
SeasonalForestSpring,000964_lcam_front_lidar.ply,0.10002,799,0.05577,0.08836,0.15001,500,0.16341,0.15709,0.25,200,0.00531,0.01243,0.2,800,0.1186,0.16651,0.2,800,0.12687,0.17189,standard
SeasonalForestSpring,000965_lcam_front_lidar.ply,0.10002,799,0.0634,0.10358,0.15001,500,0.15555,0.15915,0.25,200,0.00167,0.00273,0.2,800,0.11858,0.16565,0.2,800,0.11974,0.17392,standard
SeasonalForestSpring,000966_lcam_front_lidar.ply,0.10002,799,0.0603,0.08945,0.15001,500,0.15493,0.15579,0.25,200,0.00472,0.01553,0.2,800,0.11667,0.17234,0.2,800,0.11606,0.17089,standard
SeasonalForestSpring,000967_lcam_front_lidar.ply,0.10002,799,0.05857,0.09052,0.15001,500,0.04034,0.18176,0.25,200,0.00493,0.01652,0.2,800,0.1192,0.17184,0.2,800,0.11907,0.17131,rl
SeasonalForestSpring,000968_lcam_front_lidar.ply,0.10002,799,0.07011,0.09421,0.15001,500,0.05275,0.15297,0.25,200,0.00485,0.01423,0.2,800,0.12231,0.17153,0.2,800,0.12415,0.18125,rl_v2_reward
SeasonalForestSpring,000969_lcam_front_lidar.ply,0.10002,799,0.06843,0.09309,0.15001,500,0.00191,0.00049,0.25,200,0.00078,0.00254,0.2,800,0.10827,0.16769,0.2,800,0.11902,0.17728,rl_v2_reward
SeasonalForestSpring,000970_lcam_front_lidar.ply,0.10002,799,0.06316,0.08302,0.15001,500,0.00707,0.15992,0.25,200,0.00059,0.00113,0.2,800,0.12382,0.16238,0.2,800,0.12697,0.1693,rl_v2_reward
SeasonalForestSpring,000971_lcam_front_lidar.ply,0.10002,799,0.08535,0.09729,0.15001,500,0.07404,0.19228,0.25,200,0.00634,0.01583,0.2,800,0.12069,0.16969,0.2,800,0.12148,0.16921,rl_v2_reward
SeasonalForestSpring,000972_lcam_front_lidar.ply,0.10002,799,0.07565,0.0844,0.15001,500,0.00665,0.00747,0.25,200,0.00585,0.01293,0.15,800,0.10718,0.12844,0.2,800,0.12868,0.16368,rl_v2_reward
SeasonalForestSpring,000973_lcam_front_lidar.ply,0.10002,799,0.05712,0.06074,0.15001,500,0.03724,0.1666,0.25,200,0.00671,0.00557,0.2,800,0.13505,0.16337,0.2,800,0.13692,0.16295,rl_v2_reward
SeasonalForestSpring,000974_lcam_front_lidar.ply,0.10002,799,0.07141,0.08365,0.15001,500,0.013,0.17847,0.25,200,0.00309,0.12735,0.2,800,0.12322,0.16885,0.2,800,0.11774,0.1656,rl
SeasonalForestSpring,000975_lcam_front_lidar.ply,0.10002,799,0.08094,0.07953,0.15001,500,0.04361,0.16624,0.25,200,0.00678,0.00524,0.15,800,0.12127,0.14073,0.2,800,0.13074,0.16618,rl_v2_reward
SeasonalForestSpring,000976_lcam_front_lidar.ply,0.10002,799,0.09092,0.08849,0.15001,500,0.05216,0.18848,0.25,200,0.00685,0.00505,0.2,800,0.12428,0.15371,0.2,800,0.12362,0.15219,rl
SeasonalForestSpring,000977_lcam_front_lidar.ply,0.10002,799,0.0829,0.07578,0.15001,500,0.03452,0.19276,0.25,200,0.08237,0.18212,0.15,800,0.10831,0.14014,0.2,800,0.12818,0.15631,rl_v2_reward
SeasonalForestSpring,000978_lcam_front_lidar.ply,0.10002,799,0.03484,0.05814,0.15001,500,0.0695,0.20271,0.25,200,0.00663,0.0047,0.15,800,0.1056,0.11523,0.2,800,0.12264,0.16267,rl_v2_reward
SeasonalForestSpring,000979_lcam_front_lidar.ply,0.10002,799,0.05223,0.05851,0.15001,500,0.07147,0.17313,0.25,200,0.00635,0.00439,0.15,800,0.11689,0.13486,0.2,800,0.1248,0.14578,rl_v2_reward
SeasonalForestSpring,000980_lcam_front_lidar.ply,0.10002,799,0.0634,0.07503,0.15001,500,0.08134,0.18823,0.25,200,0.00515,0.00412,0.15,800,0.09163,0.13431,0.2,800,0.11633,0.15461,rl_v2_reward
SeasonalForestSpring,000981_lcam_front_lidar.ply,0.10002,799,0.06015,0.06874,0.15001,500,0.08873,0.18449,0.25,200,0.00449,0.00314,0.15,800,0.06182,0.11664,0.2,800,0.11903,0.17125,rl_v2_reward
SeasonalForestSpring,000982_lcam_front_lidar.ply,0.10002,799,0.07105,0.08152,0.15001,500,0.10807,0.18537,0.25,200,0.00522,0.0035,0.15,800,0.07821,0.12454,0.2,800,0.12188,0.15921,rl_v2_reward
SeasonalForestSpring,000983_lcam_front_lidar.ply,0.10002,799,0.08463,0.09196,0.15001,500,0.12134,0.18867,0.25,200,0.00502,0.00264,0.15,800,0.08018,0.12434,0.2,800,0.11986,0.16044,standard
SeasonalForestSpring,000984_lcam_front_lidar.ply,0.10002,799,0.05415,0.14527,0.15001,500,0.12447,0.17959,0.25,200,0.00528,0.00568,0.15,800,0.06981,0.10577,0.2,800,0.12222,0.1589,standard
SeasonalForestSpring,000985_lcam_front_lidar.ply,0.10002,799,0.07681,0.11743,0.15001,500,0.13784,0.16633,0.25,200,0.00506,0.00574,0.15,800,0.07409,0.10429,0.2,800,0.1222,0.15867,standard
SeasonalForestSpring,000986_lcam_front_lidar.ply,0.10002,799,0.05586,0.12596,0.15001,500,0.14993,0.17746,0.25,200,0.00492,0.00562,0.15,800,0.08969,0.1278,0.2,800,0.12134,0.16407,standard
SeasonalForestSpring,000987_lcam_front_lidar.ply,0.10002,799,0.06022,0.10526,0.15001,500,0.02876,0.14837,0.25,200,0.00501,0.00584,0.15,800,0.073,0.09243,0.2,800,0.12276,0.17164,rl_v2_reward
SeasonalForestSpring,000988_lcam_front_lidar.ply,0.10002,799,0.07355,0.10089,0.15001,500,0.03937,0.13924,0.25,200,0.00501,0.00564,0.15,800,0.0683,0.09788,0.2,800,0.11533,0.17599,rl_v2_reward
SeasonalForestSpring,000989_lcam_front_lidar.ply,0.10002,799,0.06452,0.10653,0.15001,500,0.03572,0.15152,0.25,200,0.01121,0.16737,0.15,800,0.09424,0.14354,0.2,800,0.10395,0.15495,rl_v2_reward
SeasonalForestSpring,000990_lcam_front_lidar.ply,0.10002,799,0.1325,0.11104,0.15001,500,0.03315,0.13391,0.25,200,0.00495,0.00523,0.15,800,0.07857,0.09681,0.2,800,0.12942,0.17807,strict
SeasonalForestSpring,000991_lcam_front_lidar.ply,0.10002,799,0.00165,0.03324,0.15001,500,0.00085,0.00034,0.25,200,0.00491,0.00536,0.2,800,0.11275,0.17379,0.2,800,0.11433,0.17608,rl_v2_reward
SeasonalForestSpring,000992_lcam_front_lidar.ply,0.10002,799,0.19025,0.11355,0.15001,500,0.25751,0.16726,0.25,200,0.00492,0.00486,0.2,800,0.10906,0.17655,0.2,800,0.10921,0.17682,standard
SeasonalForestSpring,000993_lcam_front_lidar.ply,0.10002,799,0.18942,0.09311,0.15001,500,0.25121,0.13432,0.25,200,0.01578,0.20859,0.15,800,0.06086,0.10721,0.2,800,0.09714,0.16623,standard
SeasonalForestSpring,000994_lcam_front_lidar.ply,0.10002,799,0.21364,0.10863,0.15001,500,0.25711,0.13737,0.25,200,0.00392,0.00336,0.15,800,0.0495,0.09159,0.2,800,0.0,0.0,standard
SeasonalForestSpring,000995_lcam_front_lidar.ply,0.10002,799,0.20593,0.10119,0.15001,500,0.28146,0.1435,0.25,200,0.00512,0.10657,0.2,800,0.06264,0.11838,0.2,800,0.06114,0.10964,standard
SeasonalForestSpring,000996_lcam_front_lidar.ply,0.10002,799,0.33109,0.05166,0.15001,500,0.39387,0.08801,0.25,200,0.01001,0.23499,0.2,800,0.05037,0.10186,0.2,800,0.05085,0.09912,standard
SeasonalForestSpring,000997_lcam_front_lidar.ply,0.10002,799,0.31308,0.05138,0.15001,500,0.3843,0.08438,0.25,200,0.46613,0.14383,0.2,800,0.0,0.0,0.2,800,0.0,0.0,loose
SeasonalForestSpring,000998_lcam_front_lidar.ply,0.10002,799,0.00176,0.002,0.15001,500,0.4251,0.07751,0.25,200,0.02054,0.22347,0.2,800,0.0946,0.09987,0.2,800,0.09555,0.1011,standard
SeasonalForestSpring,000999_lcam_front_lidar.ply,0.10002,799,0.19888,0.049,0.15001,500,0.28708,0.10287,0.25,200,0.00522,0.00815,0.15,800,0.06186,0.0658,0.2,800,0.07488,0.08976,standard
SeasonalForestSpring,001000_lcam_front_lidar.ply,0.10002,799,0.00293,0.00171,0.15001,500,0.26207,0.10944,0.25,200,0.01208,0.19379,0.2,800,0.08718,0.09775,0.2,800,0.08814,0.09864,standard
SeasonalForestSpring,001001_lcam_front_lidar.ply,0.10002,799,0.08647,0.07876,0.15001,500,0.00486,0.00793,0.25,200,0.02079,0.18429,0.15,800,0.06319,0.08492,0.2,800,0.08922,0.09636,rl_v2_reward
SeasonalForestSpring,001002_lcam_front_lidar.ply,0.10002,799,0.04161,0.10417,0.15001,500,0.10973,0.12082,0.25,200,0.01682,0.11909,0.15,800,0.07172,0.07965,0.2,800,0.09998,0.11257,standard
SeasonalForestSpring,001003_lcam_front_lidar.ply,0.10002,799,0.04399,0.07888,0.15001,500,0.20803,0.17528,0.25,200,0.00286,0.06957,0.2,800,0.10602,0.11517,0.2,800,0.10129,0.10383,standard
SeasonalForestSpring,001004_lcam_front_lidar.ply,0.10002,799,0.04587,0.07843,0.15001,500,0.08676,0.1015,0.25,200,0.00888,0.26924,0.2,800,0.08315,0.10736,0.2,800,0.07919,0.09802,standard
SeasonalForestSpring,001005_lcam_front_lidar.ply,0.10002,799,0.03186,0.04781,0.15001,500,0.04994,0.08194,0.25,200,0.0014,0.00145,0.2,800,0.10531,0.10418,0.2,800,0.10406,0.11165,rl
SeasonalForestSpring,001006_lcam_front_lidar.ply,0.10002,799,0.00157,0.00053,0.15001,500,0.07381,0.10357,0.25,200,0.00937,0.27972,0.2,800,0.10429,0.10575,0.2,800,0.10587,0.10541,rl_v2_reward
SeasonalForestSpring,001007_lcam_front_lidar.ply,0.10002,799,0.03655,0.05736,0.15001,500,0.05357,0.08952,0.25,200,0.0066,0.21881,0.2,800,0.12078,0.10689,0.2,800,0.11674,0.10182,rl
SeasonalForestSpring,001008_lcam_front_lidar.ply,0.10002,799,0.12514,0.08686,0.15001,500,0.03062,0.08978,0.25,200,0.00675,0.2245,0.2,800,0.13813,0.11843,0.2,800,0.1295,0.10392,rl
SeasonalForestSpring,001009_lcam_front_lidar.ply,0.10002,799,0.02555,0.06761,0.15001,500,0.05149,0.14487,0.25,200,0.01161,0.25606,0.2,800,0.12317,0.10021,0.2,800,0.12827,0.11155,rl_v2_reward
SeasonalForestSpring,001010_lcam_front_lidar.ply,0.10002,799,0.10289,0.04642,0.15001,500,0.15937,0.10795,0.25,200,0.00459,0.31412,0.2,800,0.14417,0.12155,0.2,800,0.13944,0.11936,standard
SeasonalForestSpring,001011_lcam_front_lidar.ply,0.10002,799,0.10947,0.04983,0.15001,500,0.14998,0.10802,0.25,200,0.00957,0.37235,0.2,800,0.13064,0.0993,0.2,800,0.12658,0.10106,standard
SeasonalForestSpring,001012_lcam_front_lidar.ply,0.10002,799,0.11327,0.04417,0.15001,500,0.16248,0.08036,0.25,200,0.00099,0.00063,0.15,800,0.08537,0.06588,0.2,800,0.11423,0.10153,standard
SeasonalForestSpring,001013_lcam_front_lidar.ply,0.10002,799,0.1042,0.04562,0.15001,500,0.1707,0.07542,0.25,200,0.00813,0.26034,0.2,800,0.14532,0.11405,0.2,800,0.14083,0.11228,standard
SeasonalForestSpring,001014_lcam_front_lidar.ply,0.10002,799,0.10175,0.04649,0.15001,500,0.18487,0.08594,0.25,200,0.0066,0.27455,0.2,800,0.1598,0.1166,0.2,800,0.15284,0.10482,standard
SeasonalForestSpring,001015_lcam_front_lidar.ply,0.10002,799,0.12078,0.04697,0.15001,500,0.17967,0.07887,0.25,200,0.00168,0.00387,0.15,800,0.10713,0.07902,0.2,800,0.14083,0.10582,standard
SeasonalForestSpring,001016_lcam_front_lidar.ply,0.10002,799,0.13711,0.04865,0.15001,500,0.18658,0.07733,0.25,200,0.00707,0.34319,0.15,800,0.10769,0.06396,0.2,800,0.13742,0.09583,standard
SeasonalForestSpring,001017_lcam_front_lidar.ply,0.10002,799,0.14019,0.04715,0.15001,500,0.19338,0.07681,0.25,200,0.00166,0.00381,0.15,800,0.09242,0.05903,0.2,800,0.14437,0.10527,standard
SeasonalForestSpring,001018_lcam_front_lidar.ply,0.10002,799,0.15612,0.05155,0.15001,500,0.17427,0.0673,0.25,200,0.00588,0.32678,0.15,800,0.0988,0.06783,0.2,800,0.12021,0.08509,standard
SeasonalForestSpring,001019_lcam_front_lidar.ply,0.10002,799,0.16098,0.05409,0.15001,500,0.18504,0.06974,0.25,200,0.00547,0.1951,0.15,800,0.10298,0.06046,0.2,800,0.14552,0.10245,standard
SeasonalForestSpring,001020_lcam_front_lidar.ply,0.10002,799,0.15801,0.05606,0.15001,500,0.18691,0.07868,0.25,200,0.00146,0.0019,0.15,800,0.10763,0.06971,0.2,800,0.12558,0.0926,standard
SeasonalForestSpring,001021_lcam_front_lidar.ply,0.10002,799,0.16707,0.05491,0.15001,500,0.00233,0.21044,0.25,200,0.0067,0.17705,0.15,800,0.1233,0.07378,0.2,800,0.16123,0.11507,strict
SeasonalForestSpring,001022_lcam_front_lidar.ply,0.10002,799,0.1824,0.06017,0.15001,500,0.21403,0.08038,0.25,200,0.0013,0.04791,0.2,800,0.14053,0.0876,0.2,800,0.14115,0.08682,standard
SeasonalForestSpring,001023_lcam_front_lidar.ply,0.10002,799,0.17782,0.05637,0.15001,500,0.00158,0.10075,0.25,200,0.00683,0.16346,0.15,800,0.12606,0.07206,0.2,800,0.13498,0.08778,strict
SeasonalForestSpring,001024_lcam_front_lidar.ply,0.10002,799,0.1767,0.0548,0.15001,500,0.22158,0.08556,0.25,200,0.00169,0.2443,0.15,800,0.13215,0.07799,0.2,800,0.14967,0.09654,standard
SeasonalForestSpring,001025_lcam_front_lidar.ply,0.10002,799,0.18098,0.05606,0.15001,500,0.23107,0.08896,0.25,200,0.00136,0.00153,0.15,800,0.12873,0.07374,0.2,800,0.1576,0.10926,standard
SeasonalForestSpring,001026_lcam_front_lidar.ply,0.10002,799,0.17578,0.05835,0.15001,500,0.2209,0.09417,0.25,200,0.00258,0.00215,0.2,800,0.16384,0.12001,0.2,800,0.16274,0.11686,standard
SeasonalForestSpring,001027_lcam_front_lidar.ply,0.10002,799,0.16666,0.05758,0.15001,500,0.22978,0.09487,0.25,200,0.01147,0.20338,0.2,800,0.15414,0.10786,0.2,800,0.15362,0.1121,standard
SeasonalForestSpring,001028_lcam_front_lidar.ply,0.10002,799,0.18227,0.06271,0.15001,500,0.23039,0.09955,0.25,200,0.01021,0.17198,0.2,800,0.15798,0.11281,0.2,800,0.15874,0.11414,standard
SeasonalForestSpring,001029_lcam_front_lidar.ply,0.10002,799,0.18557,0.06596,0.15001,500,0.23291,0.10162,0.25,200,0.00166,0.09949,0.15,800,0.12521,0.07473,0.2,800,0.15465,0.11205,standard
SeasonalForestSpring,001030_lcam_front_lidar.ply,0.10002,799,0.09835,0.05071,0.15001,500,0.21324,0.10401,0.25,200,0.01433,0.2404,0.15,800,0.08977,0.06135,0.2,800,0.16035,0.11948,standard
SeasonalForestSpring,001031_lcam_front_lidar.ply,0.10002,799,0.09662,0.06012,0.15001,500,0.2167,0.10675,0.25,200,0.00458,0.11074,0.15,800,0.09848,0.06486,0.2,800,0.14978,0.11248,standard
SeasonalForestSpring,001032_lcam_front_lidar.ply,0.10002,799,0.13098,0.06686,0.15001,500,0.22682,0.10631,0.25,200,0.01607,0.2147,0.15,800,0.11967,0.0628,0.2,800,0.15163,0.12176,standard
SeasonalForestSpring,001033_lcam_front_lidar.ply,0.10002,799,0.13338,0.06382,0.15001,500,0.21497,0.10381,0.25,200,0.00418,0.18359,0.15,800,0.09669,0.06113,0.2,800,0.13863,0.10406,standard
SeasonalForestSpring,001034_lcam_front_lidar.ply,0.10002,799,0.11559,0.05754,0.15001,500,0.18093,0.12182,0.25,200,0.00205,0.00753,0.15,800,0.10538,0.09553,0.2,800,0.1539,0.13421,standard
SeasonalForestSpring,001035_lcam_front_lidar.ply,0.10002,799,0.12221,0.06641,0.15001,500,0.144,0.10163,0.25,200,0.00185,0.00653,0.15,800,0.07602,0.07845,0.2,800,0.15063,0.1356,rl_v2_reward
SeasonalForestSpring,001036_lcam_front_lidar.ply,0.10002,799,0.1352,0.06367,0.15001,500,0.17048,0.1083,0.25,200,0.00276,0.00363,0.15,800,0.08962,0.08549,0.2,800,0.14412,0.12242,standard
SeasonalForestSpring,001037_lcam_front_lidar.ply,0.10002,799,0.14839,0.06633,0.15001,500,0.17946,0.10576,0.25,200,0.00271,0.20568,0.15,800,0.0934,0.0826,0.2,800,0.15192,0.12852,standard
SeasonalForestSpring,001038_lcam_front_lidar.ply,0.10002,799,0.14729,0.0714,0.15001,500,0.02074,0.16036,0.25,200,0.0055,0.20185,0.15,800,0.09016,0.08942,0.2,800,0.13455,0.12378,strict
SeasonalForestSpring,001039_lcam_front_lidar.ply,0.10002,799,0.15308,0.07852,0.15001,500,0.02316,0.17624,0.25,200,0.00553,0.18388,0.15,800,0.10148,0.0924,0.2,800,0.12007,0.10935,strict
SeasonalForestSpring,001040_lcam_front_lidar.ply,0.10002,799,0.16118,0.08344,0.15001,500,0.19168,0.11749,0.25,200,0.00091,0.00312,0.15,800,0.10609,0.09203,0.2,800,0.12231,0.11046,standard
SeasonalForestSpring,001041_lcam_front_lidar.ply,0.10002,799,0.17473,0.08004,0.15001,500,0.21818,0.12433,0.25,200,0.00522,0.19606,0.15,800,0.12815,0.10578,0.2,800,0.13833,0.12133,standard
SeasonalForestSpring,001042_lcam_front_lidar.ply,0.10002,799,0.16124,0.07601,0.15001,500,0.02365,0.14239,0.25,200,0.00453,0.21825,0.15,800,0.13017,0.0986,0.2,800,0.15086,0.12783,strict
SeasonalForestSpring,001043_lcam_front_lidar.ply,0.10002,799,0.16648,0.08327,0.15001,500,0.00583,0.14764,0.25,200,0.0148,0.28662,0.15,800,0.12609,0.09359,0.2,800,0.16099,0.14215,strict
SeasonalForestSpring,001044_lcam_front_lidar.ply,0.10002,799,0.16099,0.07733,0.15001,500,0.03548,0.15084,0.25,200,0.00386,0.20789,0.15,800,0.13466,0.10415,0.2,800,0.16415,0.13848,rl_v2_reward
SeasonalForestSpring,001045_lcam_front_lidar.ply,0.10002,799,0.15716,0.07889,0.15001,500,0.02672,0.09961,0.25,200,0.00278,0.00801,0.15,800,0.13302,0.1007,0.2,800,0.16463,0.13532,rl_v2_reward
SeasonalForestSpring,001046_lcam_front_lidar.ply,0.10002,799,0.15954,0.08685,0.15001,500,0.24118,0.14066,0.25,200,0.00397,0.16441,0.15,800,0.12677,0.10475,0.2,800,0.1606,0.13757,standard
SeasonalForestSpring,001047_lcam_front_lidar.ply,0.10002,799,0.03689,0.10813,0.15001,500,0.24449,0.14426,0.25,200,0.00215,0.00668,0.15,800,0.12152,0.10073,0.2,800,0.14775,0.14266,standard
SeasonalForestSpring,001048_lcam_front_lidar.ply,0.10002,799,0.19435,0.0994,0.15001,500,0.25084,0.1386,0.25,200,0.00559,0.29578,0.15,800,0.13145,0.10551,0.2,800,0.15762,0.14396,standard
SeasonalForestSpring,001049_lcam_front_lidar.ply,0.10002,799,0.04054,0.11224,0.15001,500,0.04509,0.17721,0.25,200,0.01316,0.19786,0.15,800,0.11798,0.10338,0.2,800,0.15293,0.14302,rl_v2_reward
SeasonalForestSpring,001050_lcam_front_lidar.ply,0.10002,799,0.042,0.10735,0.15001,500,0.02978,0.12116,0.25,200,0.02561,0.29717,0.15,800,0.11259,0.10733,0.2,800,0.15144,0.15408,rl_v2_reward
SeasonalForestSpring,001051_lcam_front_lidar.ply,0.10002,799,0.04599,0.11791,0.15001,500,0.00611,0.07404,0.25,200,0.01401,0.12575,0.15,800,0.10695,0.09022,0.2,800,0.14161,0.14313,rl_v2_reward
SeasonalForestSpring,001052_lcam_front_lidar.ply,0.10002,799,0.04159,0.1056,0.15001,500,0.04298,0.15719,0.25,200,0.02036,0.14337,0.15,800,0.03851,0.09473,0.2,800,0.07498,0.10638,rl_v2_reward
SeasonalForestSpring,001053_lcam_front_lidar.ply,0.10002,799,0.1563,0.11311,0.15001,500,0.04148,0.14581,0.25,200,0.01581,0.23251,0.15,800,0.04254,0.11343,0.2,800,0.13784,0.15072,strict
SeasonalForestSpring,001054_lcam_front_lidar.ply,0.10002,799,0.02272,0.08252,0.15001,500,0.03674,0.1197,0.25,200,0.00953,0.13055,0.15,800,0.04906,0.11713,0.2,800,0.06938,0.10617,rl_v2_reward
SeasonalForestSpring,001055_lcam_front_lidar.ply,0.10002,799,0.02471,0.07188,0.15001,500,0.04144,0.13437,0.25,200,0.01777,0.22454,0.15,800,0.06268,0.07966,0.2,800,0.06778,0.09623,rl_v2_reward
SeasonalForestSpring,001056_lcam_front_lidar.ply,0.10002,799,0.03859,0.07474,0.15001,500,0.04904,0.15002,0.25,200,0.01101,0.17364,0.15,800,0.02683,0.08101,0.2,800,0.06954,0.09075,rl_v2_reward
SeasonalForestSpring,001057_lcam_front_lidar.ply,0.10002,799,0.04159,0.0733,0.15001,500,0.00173,0.00039,0.25,200,0.01792,0.2097,0.15,800,0.02771,0.09544,0.2,800,0.06781,0.08597,rl_v2_reward
SeasonalForestSpring,001058_lcam_front_lidar.ply,0.10002,799,0.03856,0.06441,0.15001,500,0.04739,0.10629,0.25,200,0.01531,0.20769,0.15,800,0.04205,0.11726,0.2,800,0.08022,0.17809,rl_v2_reward
SeasonalForestSpring,001059_lcam_front_lidar.ply,0.10002,799,0.03227,0.05454,0.15001,500,0.01355,0.03975,0.25,200,0.02476,0.27238,0.15,800,0.03252,0.09796,0.2,800,0.05674,0.16353,rl_v2_reward
SeasonalForestSpring,001060_lcam_front_lidar.ply,0.10002,799,0.03077,0.04888,0.15001,500,0.17889,0.15894,0.25,200,0.00112,0.09612,0.15,800,0.04802,0.11465,0.2,800,0.05273,0.14625,standard
SeasonalForestSpring,001061_lcam_front_lidar.ply,0.10002,799,0.01686,0.03112,0.15001,500,0.01146,0.03104,0.25,200,0.03166,0.25815,0.15,800,0.05174,0.11394,0.2,800,0.0619,0.1353,rl_v2_reward
SeasonalForestSpring,001062_lcam_front_lidar.ply,0.10002,799,0.13511,0.09965,0.15001,500,0.17649,0.13971,0.25,200,0.00294,0.21615,0.15,800,0.05087,0.09605,0.2,800,0.0757,0.16352,standard
SeasonalForestSpring,001063_lcam_front_lidar.ply,0.10002,799,0.16674,0.10846,0.15001,500,0.19102,0.13016,0.25,200,0.00082,0.00207,0.15,800,0.05975,0.11272,0.2,800,0.06438,0.13913,standard
SeasonalForestSpring,001064_lcam_front_lidar.ply,0.10002,799,0.14222,0.08259,0.15001,500,0.18963,0.11838,0.25,200,0.0016,0.005,0.15,800,0.07192,0.12916,0.2,800,0.08735,0.16688,standard
SeasonalForestSpring,001065_lcam_front_lidar.ply,0.10002,799,0.12681,0.08131,0.15001,500,0.18536,0.13315,0.25,200,0.00368,0.01476,0.15,800,0.06163,0.09845,0.2,800,0.08978,0.2001,standard
SeasonalForestSpring,001066_lcam_front_lidar.ply,0.10002,799,0.16813,0.09242,0.15001,500,0.18929,0.10734,0.25,200,0.00249,0.11666,0.15,800,0.07468,0.1236,0.2,800,0.09812,0.19645,standard
SeasonalForestSpring,001067_lcam_front_lidar.ply,0.10002,799,0.15031,0.09151,0.15001,500,0.20827,0.13173,0.25,200,0.00346,0.24079,0.15,800,0.07878,0.11602,0.2,800,0.10323,0.17332,standard
SeasonalForestSpring,001068_lcam_front_lidar.ply,0.10002,799,0.12853,0.07237,0.15001,500,0.21443,0.13644,0.25,200,0.00208,0.12537,0.15,800,0.08317,0.11614,0.2,800,0.11438,0.20837,standard
SeasonalForestSpring,001069_lcam_front_lidar.ply,0.10002,799,0.11688,0.0677,0.15001,500,0.21217,0.13686,0.25,200,0.00301,0.18106,0.15,800,0.08742,0.11676,0.2,800,0.10251,0.15558,standard
SeasonalForestSpring,001070_lcam_front_lidar.ply,0.10002,799,0.09909,0.06724,0.15001,500,0.1803,0.13207,0.25,200,0.0065,0.22542,0.15,800,0.0876,0.12597,0.2,800,0.11448,0.19426,standard
SeasonalForestSpring,001071_lcam_front_lidar.ply,0.10002,799,0.10793,0.09292,0.15001,500,0.03024,0.14741,0.25,200,0.00576,0.13611,0.15,800,0.0797,0.15307,0.2,800,0.10684,0.18127,strict
SeasonalForestSpring,001072_lcam_front_lidar.ply,0.10002,799,0.11788,0.09704,0.15001,500,0.03266,0.14263,0.25,200,0.00269,0.01128,0.15,800,0.0782,0.11785,0.2,800,0.11483,0.17541,strict
SeasonalForestSpring,001073_lcam_front_lidar.ply,0.10002,799,0.0613,0.03678,0.15001,500,0.03134,0.15298,0.25,200,0.00665,0.0864,0.15,800,0.07732,0.11971,0.2,800,0.11834,0.20363,rl_v2_reward
SeasonalForestSpring,001074_lcam_front_lidar.ply,0.10002,799,0.06469,0.03974,0.15001,500,0.02712,0.1307,0.25,200,0.05452,0.25128,0.15,800,0.07497,0.11307,0.2,800,0.09867,0.18824,rl_v2_reward
SeasonalForestSpring,001075_lcam_front_lidar.ply,0.10002,799,0.056,0.03996,0.15001,500,0.05185,0.03708,0.25,200,0.00614,0.1448,0.15,800,0.07783,0.12935,0.2,800,0.10718,0.17457,rl_v2_reward
SeasonalForestSpring,001076_lcam_front_lidar.ply,0.10002,799,0.04574,0.03657,0.15001,500,0.04596,0.03779,0.25,200,0.00141,0.0023,0.15,800,0.08458,0.14547,0.2,800,0.10204,0.17814,rl_v2_reward
SeasonalForestSpring,001077_lcam_front_lidar.ply,0.10002,799,0.05664,0.04366,0.15001,500,0.055,0.04455,0.25,200,0.01036,0.23712,0.15,800,0.0775,0.11557,0.2,800,0.10344,0.17297,rl_v2_reward
SeasonalForestSpring,001078_lcam_front_lidar.ply,0.10002,799,0.0514,0.04438,0.15001,500,0.02868,0.10926,0.25,200,0.00811,0.08376,0.15,800,0.08138,0.13103,0.2,800,0.10487,0.18302,rl_v2_reward
SeasonalForestSpring,001079_lcam_front_lidar.ply,0.10002,799,0.06367,0.05341,0.15001,500,0.03513,0.13847,0.25,200,0.00271,0.01241,0.15,800,0.08941,0.12321,0.2,800,0.12595,0.19179,rl_v2_reward
SeasonalForestSpring,001080_lcam_front_lidar.ply,0.10002,799,0.06298,0.04573,0.15001,500,0.06159,0.04898,0.25,200,0.0643,0.27623,0.15,800,0.08395,0.12717,0.2,800,0.04599,0.20596,rl
SeasonalForestSpring,001081_lcam_front_lidar.ply,0.10002,799,0.05529,0.06957,0.15001,500,0.02926,0.03201,0.25,200,0.02175,0.21204,0.15,800,0.09678,0.12754,0.2,800,0.11777,0.17605,rl_v2_reward
SeasonalForestSpring,001082_lcam_front_lidar.ply,0.10002,799,0.04912,0.07289,0.15001,500,0.01414,0.0849,0.25,200,0.00155,0.00386,0.15,800,0.10463,0.11819,0.2,800,0.12583,0.16994,rl_v2_reward
SeasonalForestSpring,001083_lcam_front_lidar.ply,0.10002,799,0.04648,0.05673,0.15001,500,0.04476,0.05342,0.25,200,0.02025,0.24382,0.15,800,0.10452,0.10393,0.2,800,0.12972,0.17075,rl_v2_reward
SeasonalForestSpring,001084_lcam_front_lidar.ply,0.10002,799,0.06025,0.10147,0.15001,500,0.03277,0.07985,0.25,200,0.0088,0.29172,0.15,800,0.09202,0.12092,0.2,800,0.12051,0.15385,rl_v2_reward
SeasonalForestSpring,001085_lcam_front_lidar.ply,0.10002,799,0.05977,0.10442,0.15001,500,0.01428,0.16632,0.25,200,0.00223,0.00248,0.15,800,0.0983,0.12369,0.2,800,0.12733,0.17951,rl_v2_reward
SeasonalForestSpring,001086_lcam_front_lidar.ply,0.10002,799,0.0,0.0,0.15001,500,0.00923,0.14097,0.25,200,0.00923,0.25091,0.15,800,0.10747,0.10793,0.2,800,0.13033,0.15621,rl_v2_reward
SeasonalForestSpring,001087_lcam_front_lidar.ply,0.10002,799,0.10404,0.06585,0.15001,500,0.18166,0.1184,0.25,200,0.00686,0.29117,0.15,800,0.11575,0.1014,0.2,800,0.16791,0.16817,standard
SeasonalForestSpring,001088_lcam_front_lidar.ply,0.10002,799,0.16309,0.09178,0.15001,500,0.19882,0.12915,0.25,200,0.00122,0.00243,0.15,800,0.10233,0.11487,0.2,800,0.13203,0.18073,standard
SeasonalForestSpring,001089_lcam_front_lidar.ply,0.10002,799,0.11517,0.0692,0.15001,500,0.20084,0.12728,0.25,200,0.00421,0.17173,0.15,800,0.11382,0.1068,0.2,800,0.05172,0.1835,standard
SeasonalForestSpring,001090_lcam_front_lidar.ply,0.10002,799,0.18001,0.08738,0.15001,500,0.22045,0.13214,0.25,200,0.00258,0.01256,0.15,800,0.11464,0.10921,0.2,800,0.0372,0.11988,standard
SeasonalForestSpring,001091_lcam_front_lidar.ply,0.10002,799,0.12466,0.07094,0.15001,500,0.00928,0.14747,0.25,200,0.00479,0.16095,0.15,800,0.10468,0.10976,0.2,800,0.04665,0.1514,strict
SeasonalForestSpring,001092_lcam_front_lidar.ply,0.10002,799,0.13549,0.07887,0.15001,500,0.0304,0.1196,0.25,200,0.00429,0.1356,0.2,800,0.03527,0.14127,0.2,800,0.04505,0.15938,strict
SeasonalForestSpring,001093_lcam_front_lidar.ply,0.10002,799,0.14735,0.08266,0.15001,500,0.18516,0.12537,0.25,200,0.00233,0.0147,0.15,800,0.10999,0.11017,0.2,800,0.05457,0.17671,standard
SeasonalForestSpring,001094_lcam_front_lidar.ply,0.10002,799,0.15728,0.08462,0.15001,500,0.19399,0.11687,0.25,200,0.01069,0.22281,0.15,800,0.11372,0.11443,0.2,800,0.03929,0.13584,standard
SeasonalForestSpring,001095_lcam_front_lidar.ply,0.10002,799,0.16153,0.08389,0.15001,500,0.02377,0.12737,0.25,200,0.00951,0.16403,0.15,800,0.11398,0.11642,0.2,800,0.04443,0.13676,strict
SeasonalForestSpring,001096_lcam_front_lidar.ply,0.10002,799,0.16973,0.08069,0.15001,500,0.01934,0.10547,0.25,200,0.01738,0.20548,0.15,800,0.11253,0.10747,0.2,800,0.04846,0.18371,strict
SeasonalForestSpring,001097_lcam_front_lidar.ply,0.10002,799,0.16074,0.08462,0.15001,500,0.02275,0.08993,0.25,200,0.00474,0.18968,0.15,800,0.10872,0.11398,0.2,800,0.03488,0.15968,strict
SeasonalForestSpring,001098_lcam_front_lidar.ply,0.10002,799,0.15579,0.06852,0.15001,500,0.03349,0.1181,0.25,200,0.00377,0.09742,0.15,800,0.11216,0.11383,0.2,800,0.04651,0.18965,strict
SeasonalForestSpring,001099_lcam_front_lidar.ply,0.10002,799,0.13536,0.06837,0.15001,500,0.02952,0.12531,0.25,200,0.02761,0.2628,0.15,800,0.09511,0.11098,0.2,800,0.13305,0.16117,strict
SeasonalForestSpring,001100_lcam_front_lidar.ply,0.10002,799,0.15297,0.08493,0.15001,500,0.02337,0.09986,0.25,200,0.01473,0.19257,0.15,800,0.09885,0.11761,0.2,800,0.13197,0.17082,strict
SeasonalForestSpring,001101_lcam_front_lidar.ply,0.10002,799,0.16484,0.07426,0.15001,500,0.01567,0.07876,0.25,200,0.03606,0.24255,0.15,800,0.09783,0.10916,0.2,800,0.14607,0.17971,strict
SeasonalForestSpring,001102_lcam_front_lidar.ply,0.10002,799,0.13716,0.0785,0.15001,500,0.02227,0.08614,0.25,200,0.07193,0.28405,0.15,800,0.08808,0.11138,0.2,800,0.1439,0.19772,rl_v2_reward
SeasonalForestSpring,001103_lcam_front_lidar.ply,0.10002,799,0.14348,0.07907,0.15001,500,0.02213,0.09075,0.25,200,0.04663,0.28197,0.15,800,0.11235,0.12555,0.2,800,0.13284,0.19128,strict
SeasonalForestSpring,001104_lcam_front_lidar.ply,0.10002,799,0.16104,0.08817,0.15001,500,0.02168,0.08689,0.25,200,0.06276,0.35122,0.15,800,0.10771,0.11195,0.2,800,0.13194,0.18886,strict
SeasonalForestSpring,001105_lcam_front_lidar.ply,0.10002,799,0.16173,0.07933,0.15001,500,0.0138,0.13665,0.25,200,0.00673,0.19753,0.15,800,0.10828,0.12442,0.2,800,0.14117,0.1816,strict
SeasonalForestSpring,001106_lcam_front_lidar.ply,0.10002,799,0.15982,0.09118,0.15001,500,0.02049,0.10712,0.25,200,0.03606,0.31527,0.15,800,0.10893,0.13664,0.2,800,0.14333,0.18903,strict
SeasonalForestSpring,001107_lcam_front_lidar.ply,0.10002,799,0.16186,0.09938,0.15001,500,0.01688,0.12038,0.25,200,0.02257,0.28082,0.15,800,0.09979,0.13453,0.2,800,0.13621,0.18914,strict
SeasonalForestSpring,001108_lcam_front_lidar.ply,0.10002,799,0.13017,0.08301,0.15001,500,0.0171,0.12807,0.25,200,0.01069,0.16031,0.15,800,0.12178,0.15591,0.2,800,0.13184,0.17762,rl_v2_reward
SeasonalForestSpring,001109_lcam_front_lidar.ply,0.10002,799,0.1177,0.08692,0.15001,500,0.02743,0.12074,0.25,200,0.00478,0.11569,0.15,800,0.09318,0.12679,0.2,800,0.05712,0.1987,strict
SeasonalForestSpring,001110_lcam_front_lidar.ply,0.10002,799,0.14121,0.10122,0.15001,500,0.00205,0.00276,0.25,200,0.01199,0.22481,0.15,800,0.09122,0.14411,0.2,800,0.13768,0.19613,strict
SeasonalForestSpring,001111_lcam_front_lidar.ply,0.10002,799,0.15241,0.10188,0.15001,500,0.04091,0.16899,0.25,200,0.0092,0.17109,0.15,800,0.08774,0.12979,0.2,800,0.15205,0.20913,strict
SeasonalForestSpring,001112_lcam_front_lidar.ply,0.10002,799,0.16052,0.09575,0.15001,500,0.04209,0.16337,0.25,200,0.00083,0.00217,0.15,800,0.10286,0.13979,0.2,800,0.14546,0.20146,strict
SeasonalForestSpring,001113_lcam_front_lidar.ply,0.10002,799,0.15259,0.11069,0.15001,500,0.06667,0.15617,0.25,200,0.00859,0.21861,0.15,800,0.09657,0.13895,0.2,800,0.04389,0.15518,strict
SeasonalForestSpring,001114_lcam_front_lidar.ply,0.10002,799,0.03629,0.08885,0.15001,500,0.06092,0.17106,0.25,200,0.00085,0.00245,0.15,800,0.09747,0.15455,0.2,800,0.05422,0.19493,rl
SeasonalForestSpring,001115_lcam_front_lidar.ply,0.10002,799,0.13332,0.09439,0.15001,500,0.00206,0.04944,0.25,200,0.03121,0.27229,0.15,800,0.0949,0.13644,0.2,800,0.07435,0.22979,strict
SeasonalForestSpring,001116_lcam_front_lidar.ply,0.10002,799,0.14127,0.0902,0.15001,500,0.02893,0.15589,0.25,200,0.08955,0.29594,0.15,800,0.10197,0.14549,0.2,800,0.06635,0.21776,strict
SeasonalForestSpring,001117_lcam_front_lidar.ply,0.10002,799,0.03212,0.1176,0.15001,500,0.02162,0.12795,0.25,200,0.01095,0.1836,0.15,800,0.10026,0.12741,0.2,800,0.12884,0.16612,rl_v2_reward
SeasonalForestSpring,001118_lcam_front_lidar.ply,0.10002,799,0.16348,0.09825,0.15001,500,0.03762,0.18352,0.25,200,0.00881,0.18587,0.15,800,0.09756,0.12613,0.2,800,0.14103,0.1932,strict
SeasonalForestSpring,001119_lcam_front_lidar.ply,0.10002,799,0.1901,0.11351,0.15001,500,0.03201,0.15317,0.25,200,0.08796,0.2652,0.15,800,0.09526,0.1366,0.2,800,0.13876,0.18274,strict
SeasonalForestSpring,001120_lcam_front_lidar.ply,0.10002,799,0.17625,0.10339,0.15001,500,0.08803,0.16352,0.25,200,0.00621,0.15433,0.15,800,0.09742,0.13153,0.2,800,0.13673,0.17271,strict
SeasonalForestSpring,001121_lcam_front_lidar.ply,0.10002,799,0.16509,0.09554,0.15001,500,0.03078,0.15626,0.25,200,0.00371,0.13288,0.15,800,0.12099,0.16115,0.2,800,0.15686,0.19779,strict
SeasonalForestSpring,001122_lcam_front_lidar.ply,0.10002,799,0.16409,0.09902,0.15001,500,0.01507,0.12913,0.25,200,0.00693,0.03473,0.15,800,0.09471,0.1319,0.2,800,0.15712,0.21988,strict
SeasonalForestSpring,001123_lcam_front_lidar.ply,0.10002,799,0.07385,0.11626,0.15001,500,0.11382,0.16692,0.25,200,0.00238,0.09574,0.15,800,0.09759,0.13516,0.2,800,0.04173,0.14962,standard
SeasonalForestSpring,001124_lcam_front_lidar.ply,0.10002,799,0.04238,0.10014,0.15001,500,0.01965,0.13652,0.25,200,0.00054,0.00096,0.15,800,0.0585,0.14802,0.2,800,0.04218,0.16236,rl
SeasonalForestSpring,001125_lcam_front_lidar.ply,0.10002,799,0.03957,0.08196,0.15001,500,0.08213,0.16513,0.25,200,0.00039,0.00014,0.15,800,0.05543,0.14618,0.2,800,0.04509,0.14062,standard
SeasonalForestSpring,001126_lcam_front_lidar.ply,0.10002,799,0.05954,0.11828,0.15001,500,0.01267,0.11125,0.25,200,0.01543,0.28253,0.15,800,0.0466,0.1233,0.2,800,0.067,0.17193,rl_v2_reward
SeasonalForestSpring,001127_lcam_front_lidar.ply,0.10002,799,0.03996,0.09183,0.15001,500,0.02694,0.15056,0.25,200,0.01633,0.16,0.15,800,0.09311,0.15285,0.2,800,0.04712,0.13433,rl
SeasonalForestSpring,001128_lcam_front_lidar.ply,0.10002,799,0.04342,0.08409,0.15001,500,0.09638,0.17168,0.25,200,0.00086,0.00055,0.15,800,0.08599,0.14072,0.2,800,0.05108,0.14541,standard
SeasonalForestSpring,001129_lcam_front_lidar.ply,0.10002,799,0.04737,0.09856,0.15001,500,0.06761,0.1582,0.25,200,0.0087,0.18529,0.15,800,0.05156,0.12123,0.2,800,0.04126,0.12523,standard
SeasonalForestSpring,001130_lcam_front_lidar.ply,0.10002,799,0.05633,0.09589,0.15001,500,0.07523,0.13596,0.25,200,0.00174,0.26941,0.15,800,0.10197,0.15313,0.2,800,0.04626,0.13554,rl
SeasonalForestSpring,001131_lcam_front_lidar.ply,0.10002,799,0.06102,0.10354,0.15001,500,0.07196,0.15703,0.25,200,0.07787,0.25118,0.15,800,0.04846,0.11761,0.2,800,0.05888,0.13396,loose
SeasonalForestSpring,001132_lcam_front_lidar.ply,0.10002,799,0.09233,0.13202,0.15001,500,0.08704,0.14928,0.25,200,0.01433,0.20559,0.15,800,0.04761,0.11965,0.2,800,0.04539,0.13001,strict
SeasonalForestSpring,001133_lcam_front_lidar.ply,0.10002,799,0.05536,0.09749,0.15001,500,0.08143,0.14612,0.25,200,0.00089,0.00812,0.15,800,0.04491,0.12331,0.2,800,0.10949,0.20768,rl_v2_reward
SeasonalForestSpring,001134_lcam_front_lidar.ply,0.10002,799,0.05305,0.08952,0.15001,500,0.08586,0.1588,0.25,200,0.00096,0.00194,0.15,800,0.04979,0.10769,0.2,800,0.05347,0.135,standard
SeasonalForestSpring,001135_lcam_front_lidar.ply,0.10002,799,0.0629,0.10149,0.15001,500,0.00826,0.07253,0.25,200,0.02224,0.2816,0.15,800,0.09746,0.14521,0.2,800,0.09348,0.15026,rl
SeasonalForestSpring,001136_lcam_front_lidar.ply,0.10002,799,0.07049,0.10408,0.15001,500,0.01601,0.07548,0.25,200,0.00077,0.00046,0.15,800,0.07521,0.09982,0.2,800,0.08385,0.14817,rl_v2_reward
SeasonalForestSpring,001137_lcam_front_lidar.ply,0.10002,799,0.00305,0.04035,0.15001,500,0.09331,0.15331,0.25,200,0.0012,0.16321,0.15,800,0.08893,0.14383,0.2,800,0.07709,0.15201,standard
SeasonalForestSpring,001138_lcam_front_lidar.ply,0.10002,799,0.05914,0.08389,0.15001,500,0.09709,0.15832,0.25,200,0.01683,0.19204,0.15,800,0.08792,0.13522,0.2,800,0.05307,0.13582,standard
SeasonalForestSpring,001139_lcam_front_lidar.ply,0.10002,799,0.06036,0.08941,0.15001,500,0.0917,0.16223,0.25,200,0.01714,0.28769,0.15,800,0.05032,0.133,0.2,800,0.04781,0.14353,standard
SeasonalForestSpring,001140_lcam_front_lidar.ply,0.10002,799,0.06119,0.11547,0.15001,500,0.08607,0.1581,0.25,200,0.0878,0.27625,0.15,800,0.04395,0.12294,0.2,800,0.03954,0.14499,loose
SeasonalForestSpring,001141_lcam_front_lidar.ply,0.10002,799,0.06349,0.09879,0.15001,500,0.07745,0.156,0.25,200,0.08453,0.29773,0.15,800,0.04753,0.10381,0.2,800,0.05262,0.14812,loose
SeasonalForestSpring,001142_lcam_front_lidar.ply,0.10002,799,0.04071,0.08667,0.15001,500,0.05731,0.11447,0.25,200,0.00148,0.13155,0.15,800,0.05914,0.15488,0.2,800,0.15674,0.20891,rl_v2_reward
SeasonalForestSpring,001143_lcam_front_lidar.ply,0.10002,799,0.0475,0.09113,0.15001,500,0.04357,0.10732,0.25,200,0.00084,0.00567,0.15,800,0.03774,0.10232,0.2,800,0.17988,0.19943,rl_v2_reward
SeasonalForestSpring,001144_lcam_front_lidar.ply,0.10002,799,0.05262,0.10964,0.15001,500,0.06487,0.15621,0.25,200,0.00055,0.00094,0.15,800,0.13201,0.16525,0.2,800,0.16395,0.21434,rl_v2_reward
SeasonalForestSpring,001145_lcam_front_lidar.ply,0.10002,799,0.0,0.0,0.15001,500,0.01565,0.11509,0.25,200,0.00075,0.00211,0.15,800,0.12431,0.15059,0.2,800,0.16409,0.21322,rl_v2_reward
SeasonalForestSpring,001146_lcam_front_lidar.ply,0.10002,799,0.05225,0.12381,0.15001,500,0.00066,0.00055,0.25,200,0.00788,0.20767,0.15,800,0.06806,0.15751,0.2,800,0.14217,0.21207,rl_v2_reward
SeasonalForestSpring,001147_lcam_front_lidar.ply,0.10002,799,0.05686,0.12475,0.15001,500,0.00231,0.00281,0.25,200,0.00084,0.00332,0.15,800,0.13941,0.16722,0.2,800,0.17011,0.21787,rl_v2_reward
SeasonalForestSpring,001148_lcam_front_lidar.ply,0.10002,799,0.05692,0.10216,0.15001,500,0.08676,0.17563,0.25,200,0.0956,0.287,0.15,800,0.1476,0.16109,0.2,800,0.16941,0.19847,rl_v2_reward
SeasonalForestSpring,001149_lcam_front_lidar.ply,0.10002,799,0.00965,0.10335,0.15001,500,0.08693,0.17945,0.25,200,0.00866,0.16766,0.15,800,0.05452,0.12545,0.2,800,0.04738,0.1667,standard
SeasonalForestSpring,001150_lcam_front_lidar.ply,0.10002,799,0.0604,0.09078,0.15001,500,0.07702,0.17815,0.25,200,0.00092,0.10049,0.15,800,0.11994,0.14594,0.2,800,0.04223,0.16169,rl
SeasonalForestSpring,001151_lcam_front_lidar.ply,0.10002,799,0.18794,0.08947,0.15001,500,0.05924,0.15743,0.25,200,0.01417,0.22165,0.15,800,0.12402,0.11361,0.2,800,0.16934,0.17031,strict
SeasonalForestSpring,001152_lcam_front_lidar.ply,0.10002,799,0.16629,0.08565,0.15001,500,0.03396,0.16121,0.25,200,0.00447,0.12566,0.15,800,0.13942,0.13772,0.2,800,0.18584,0.19403,rl_v2_reward
SeasonalForestSpring,001153_lcam_front_lidar.ply,0.10002,799,0.06892,0.07749,0.15001,500,0.06814,0.18787,0.25,200,0.02096,0.27892,0.15,800,0.14997,0.15406,0.2,800,0.18188,0.19661,rl_v2_reward
SeasonalForestSpring,001154_lcam_front_lidar.ply,0.10002,799,0.13868,0.07173,0.15001,500,0.02424,0.11686,0.25,200,0.01625,0.19399,0.15,800,0.11316,0.12785,0.2,800,0.16375,0.17637,rl_v2_reward
SeasonalForestSpring,001155_lcam_front_lidar.ply,0.10002,799,0.08123,0.09853,0.15001,500,0.03283,0.12871,0.25,200,0.01398,0.21599,0.15,800,0.06749,0.13037,0.2,800,0.17751,0.19465,rl_v2_reward
SeasonalForestSpring,001156_lcam_front_lidar.ply,0.10002,799,0.0755,0.08914,0.15001,500,0.01443,0.09589,0.25,200,0.01867,0.24031,0.15,800,0.14912,0.14193,0.2,800,0.18282,0.1972,rl_v2_reward
SeasonalForestSpring,001157_lcam_front_lidar.ply,0.10002,799,0.07776,0.08668,0.15001,500,0.06567,0.16402,0.25,200,0.00636,0.18077,0.15,800,0.14851,0.15611,0.2,800,0.1783,0.19303,rl_v2_reward
SeasonalForestSpring,001158_lcam_front_lidar.ply,0.10002,799,0.07214,0.091,0.15001,500,0.0726,0.18668,0.25,200,0.09432,0.31492,0.15,800,0.05688,0.14954,0.2,800,0.17231,0.19022,rl_v2_reward
SeasonalForestSpring,001159_lcam_front_lidar.ply,0.10002,799,0.07406,0.09877,0.15001,500,0.0933,0.17607,0.25,200,0.0232,0.20398,0.15,800,0.03686,0.11699,0.2,800,0.1681,0.1795,rl_v2_reward
SeasonalForestSpring,001160_lcam_front_lidar.ply,0.10002,799,0.06084,0.07731,0.15001,500,0.09834,0.15318,0.25,200,0.01431,0.19502,0.15,800,0.04738,0.13991,0.2,800,0.18092,0.19567,rl_v2_reward
SeasonalForestSpring,001161_lcam_front_lidar.ply,0.10002,799,0.06614,0.09128,0.15001,500,0.00299,0.08746,0.25,200,0.01947,0.20649,0.15,800,0.04743,0.11774,0.2,800,0.05418,0.17955,strict
SeasonalForestSpring,001162_lcam_front_lidar.ply,0.10002,799,0.05691,0.06718,0.15001,500,0.081,0.16596,0.25,200,0.07336,0.29341,0.15,800,0.03246,0.10486,0.2,800,0.0463,0.1513,standard
SeasonalForestSpring,001163_lcam_front_lidar.ply,0.10002,799,0.04817,0.0726,0.15001,500,0.05692,0.15744,0.25,200,0.06683,0.29823,0.15,800,0.03176,0.10474,0.2,800,0.05537,0.1931,loose
SeasonalForestSpring,001164_lcam_front_lidar.ply,0.10002,799,0.03631,0.07009,0.15001,500,0.04716,0.1415,0.25,200,0.01765,0.22798,0.15,800,0.11273,0.12626,0.2,800,0.16189,0.18098,rl_v2_reward
SeasonalForestSpring,001165_lcam_front_lidar.ply,0.10002,799,0.02669,0.06803,0.15001,500,0.01441,0.17289,0.25,200,0.10267,0.27593,0.15,800,0.12371,0.11375,0.2,800,0.17141,0.18531,rl_v2_reward
SeasonalForestSpring,001166_lcam_front_lidar.ply,0.10002,799,0.15877,0.07907,0.15001,500,0.03012,0.13934,0.25,200,0.01905,0.19319,0.15,800,0.02919,0.10503,0.2,800,0.16381,0.19166,rl_v2_reward
SeasonalForestSpring,001167_lcam_front_lidar.ply,0.10002,799,0.16144,0.068,0.15001,500,0.01894,0.1458,0.25,200,0.02198,0.21952,0.15,800,0.11024,0.10443,0.2,800,0.15689,0.18583,strict
SeasonalForestSpring,001168_lcam_front_lidar.ply,0.10002,799,0.03524,0.07362,0.15001,500,0.06575,0.14233,0.25,200,0.01977,0.19354,0.15,800,0.1113,0.10014,0.2,800,0.04047,0.17334,rl
SeasonalForestSpring,001169_lcam_front_lidar.ply,0.10002,799,0.06533,0.078,0.15001,500,0.02014,0.13865,0.25,200,0.02021,0.19193,0.15,800,0.05878,0.111,0.2,800,0.06675,0.16277,rl_v2_reward
SeasonalForestSpring,001170_lcam_front_lidar.ply,0.10002,799,0.0371,0.06835,0.15001,500,0.06085,0.13033,0.25,200,0.01402,0.12073,0.15,800,0.11944,0.13303,0.2,800,0.05075,0.17549,rl
SeasonalForestSpring,001171_lcam_front_lidar.ply,0.10002,799,0.02713,0.0602,0.15001,500,0.07553,0.13198,0.25,200,0.03243,0.25144,0.2,800,0.05995,0.16499,0.2,800,0.05305,0.15732,standard
SeasonalForestSpring,001172_lcam_front_lidar.ply,0.10002,799,0.03472,0.0642,0.15001,500,0.07623,0.15538,0.25,200,0.00919,0.08661,0.15,800,0.04068,0.07359,0.2,800,0.15733,0.19009,rl_v2_reward
SeasonalForestSpring,001173_lcam_front_lidar.ply,0.10002,799,0.02706,0.07263,0.15001,500,0.05671,0.15485,0.25,200,0.01143,0.0851,0.15,800,0.11824,0.12261,0.2,800,0.14373,0.1601,rl_v2_reward
SeasonalForestSpring,001174_lcam_front_lidar.ply,0.10002,799,0.16551,0.08665,0.15001,500,0.03484,0.1138,0.25,200,0.00254,0.07133,0.15,800,0.11034,0.10906,0.2,800,0.13445,0.15464,strict
SeasonalForestSpring,001175_lcam_front_lidar.ply,0.10002,799,0.02284,0.0498,0.15001,500,0.02237,0.15704,0.25,200,0.00061,0.00191,0.15,800,0.10481,0.10105,0.2,800,0.12537,0.14068,rl_v2_reward
SeasonalForestSpring,001176_lcam_front_lidar.ply,0.10002,799,0.15522,0.0751,0.15001,500,0.01357,0.12061,0.25,200,0.00796,0.17096,0.15,800,0.05517,0.14982,0.2,800,0.04492,0.15055,strict
SeasonalForestSpring,001177_lcam_front_lidar.ply,0.10002,799,0.14568,0.06403,0.15001,500,0.0046,0.06122,0.25,200,0.00186,0.00616,0.15,800,0.04491,0.11286,0.2,800,0.04445,0.18269,strict
SeasonalForestSpring,001178_lcam_front_lidar.ply,0.10002,799,0.14007,0.06124,0.15001,500,0.06184,0.1366,0.25,200,0.00495,0.19459,0.15,800,0.04235,0.12573,0.2,800,0.06048,0.20174,strict
SeasonalForestSpring,001179_lcam_front_lidar.ply,0.10002,799,0.05159,0.07937,0.15001,500,0.07334,0.14064,0.25,200,0.01012,0.08677,0.15,800,0.04717,0.1127,0.2,800,0.04784,0.13881,standard
SeasonalForestSpring,001180_lcam_front_lidar.ply,0.10002,799,0.12061,0.0453,0.15001,500,0.00175,0.004,0.25,200,0.01022,0.26962,0.15,800,0.04652,0.11636,0.2,800,0.0519,0.16833,strict
SeasonalForestSpring,001181_lcam_front_lidar.ply,0.10002,799,0.15638,0.07624,0.15001,500,0.00446,0.20031,0.25,200,0.00507,0.24286,0.15,800,0.10887,0.11709,0.2,800,0.06141,0.18829,strict
SeasonalForestSpring,001182_lcam_front_lidar.ply,0.10002,799,0.13152,0.06518,0.15001,500,0.00248,0.12033,0.25,200,0.00237,0.00858,0.15,800,0.04594,0.13587,0.2,800,0.05646,0.172,strict
SeasonalForestSpring,001183_lcam_front_lidar.ply,0.10002,799,0.01998,0.06832,0.15001,500,0.06376,0.14313,0.25,200,0.01315,0.2257,0.15,800,0.11074,0.13027,0.2,800,0.05769,0.19807,rl
SeasonalForestSpring,001184_lcam_front_lidar.ply,0.10002,799,0.0269,0.05517,0.15001,500,0.01905,0.18415,0.25,200,0.00749,0.14017,0.15,800,0.05394,0.139,0.2,800,0.06058,0.21438,rl_v2_reward
SeasonalForestSpring,001185_lcam_front_lidar.ply,0.10002,799,0.02293,0.06609,0.15001,500,0.05144,0.1328,0.25,200,0.01308,0.14805,0.15,800,0.10928,0.13397,0.2,800,0.04839,0.18343,rl
SeasonalForestSpring,001186_lcam_front_lidar.ply,0.10002,799,0.12117,0.06679,0.15001,500,0.0036,0.2003,0.25,200,0.00616,0.08156,0.15,800,0.1098,0.13282,0.2,800,0.06517,0.21011,strict
SeasonalForestSpring,001187_lcam_front_lidar.ply,0.10002,799,0.15984,0.09316,0.15001,500,0.04655,0.12797,0.25,200,0.00274,0.14396,0.15,800,0.02592,0.15886,0.2,800,0.03801,0.24023,strict
SeasonalForestSpring,001188_lcam_front_lidar.ply,0.10002,799,0.16464,0.08161,0.15001,500,0.0134,0.15083,0.25,200,0.00371,0.11664,0.15,800,0.09051,0.10628,0.2,800,0.04874,0.15231,strict
SeasonalForestSpring,001189_lcam_front_lidar.ply,0.10002,799,0.1645,0.08782,0.15001,500,0.03454,0.13617,0.25,200,0.00876,0.30894,0.15,800,0.09402,0.11095,0.2,800,0.13297,0.19002,strict
SeasonalForestSpring,001190_lcam_front_lidar.ply,0.10002,799,0.0345,0.085,0.15001,500,0.07202,0.1316,0.25,200,0.09389,0.23844,0.15,800,0.10522,0.1199,0.2,800,0.06977,0.19619,rl
SeasonalForestSpring,001191_lcam_front_lidar.ply,0.10002,799,0.03555,0.08836,0.15001,500,0.07715,0.15436,0.25,200,0.0846,0.22932,0.15,800,0.09679,0.11664,0.2,800,0.13217,0.19071,rl_v2_reward
SeasonalForestSpring,001192_lcam_front_lidar.ply,0.10002,799,0.0204,0.08458,0.15001,500,0.02191,0.20365,0.25,200,0.0118,0.24891,0.15,800,0.102,0.11286,0.2,800,0.04851,0.14895,rl
SeasonalForestSpring,001193_lcam_front_lidar.ply,0.10002,799,0.03305,0.07932,0.15001,500,0.01336,0.12323,0.25,200,0.10039,0.25952,0.15,800,0.10481,0.11276,0.2,800,0.03712,0.16693,rl
SeasonalForestSpring,001194_lcam_front_lidar.ply,0.10002,799,0.03999,0.07618,0.15001,500,0.01293,0.15443,0.25,200,0.07857,0.23474,0.15,800,0.10077,0.1089,0.2,800,0.05474,0.21495,rl
SeasonalForestSpring,001195_lcam_front_lidar.ply,0.10002,799,0.03588,0.07826,0.15001,500,0.00676,0.22046,0.25,200,0.03284,0.26365,0.15,800,0.09444,0.10397,0.2,800,0.04926,0.15395,rl
SeasonalForestSpring,001196_lcam_front_lidar.ply,0.10002,799,0.0374,0.07587,0.15001,500,0.06,0.14157,0.25,200,0.08445,0.25383,0.15,800,0.09999,0.11132,0.2,800,0.04473,0.15915,rl
SeasonalForestSpring,001197_lcam_front_lidar.ply,0.10002,799,0.03359,0.08129,0.15001,500,0.04645,0.15018,0.25,200,0.03449,0.23689,0.15,800,0.09262,0.10987,0.2,800,0.07628,0.23301,rl
SeasonalForestSpring,001198_lcam_front_lidar.ply,0.10002,799,0.03643,0.0717,0.15001,500,0.04735,0.12886,0.25,200,0.0218,0.2479,0.15,800,0.08865,0.10199,0.2,800,0.06758,0.24009,rl
SeasonalForestSpring,001199_lcam_front_lidar.ply,0.10002,799,0.03092,0.07288,0.15001,500,0.04296,0.13545,0.25,200,0.07732,0.26243,0.15,800,0.0928,0.11924,0.2,800,0.03646,0.1924,rl
SeasonalForestSpring,001200_lcam_front_lidar.ply,0.10002,799,0.03268,0.07646,0.15001,500,0.01285,0.14002,0.25,200,0.00802,0.21707,0.15,800,0.08886,0.11246,0.2,800,0.07546,0.21907,rl
SeasonalForestSpring,001201_lcam_front_lidar.ply,0.10002,799,0.13837,0.07857,0.15001,500,0.02146,0.1756,0.25,200,0.0079,0.12222,0.15,800,0.08758,0.10607,0.2,800,0.05132,0.20162,strict
SeasonalForestSpring,001202_lcam_front_lidar.ply,0.10002,799,0.14595,0.0744,0.15001,500,0.03811,0.13837,0.25,200,0.06637,0.23232,0.15,800,0.08919,0.1006,0.2,800,0.06829,0.23206,strict
SeasonalForestSpring,001203_lcam_front_lidar.ply,0.10002,799,0.15421,0.0754,0.15001,500,0.03119,0.1333,0.25,200,0.09026,0.24935,0.15,800,0.09829,0.11914,0.2,800,0.05179,0.22115,strict
SeasonalForestSpring,001204_lcam_front_lidar.ply,0.10002,799,0.03974,0.10934,0.15001,500,0.02557,0.13088,0.25,200,0.03153,0.24832,0.15,800,0.09162,0.10868,0.2,800,0.11605,0.17052,rl_v2_reward
SeasonalForestSpring,001205_lcam_front_lidar.ply,0.10002,799,0.1527,0.0703,0.15001,500,0.01693,0.1171,0.25,200,0.02952,0.24355,0.15,800,0.09156,0.11668,0.2,800,0.13538,0.16607,strict
SeasonalForestSpring,001206_lcam_front_lidar.ply,0.10002,799,0.03967,0.10353,0.15001,500,0.01275,0.0627,0.25,200,0.00952,0.24214,0.15,800,0.08566,0.10911,0.2,800,0.12841,0.16538,rl_v2_reward
SeasonalForestSpring,001207_lcam_front_lidar.ply,0.10002,799,0.04586,0.11208,0.15001,500,0.01696,0.10718,0.25,200,0.07962,0.25401,0.15,800,0.08074,0.1011,0.2,800,0.03978,0.20341,rl
SeasonalForestSpring,001208_lcam_front_lidar.ply,0.10002,799,0.14936,0.07282,0.15001,500,0.01712,0.11667,0.25,200,0.06054,0.2481,0.15,800,0.08221,0.10912,0.2,800,0.1113,0.15841,strict
SeasonalForestSpring,001209_lcam_front_lidar.ply,0.10002,799,0.14897,0.07911,0.15001,500,0.05021,0.14858,0.25,200,0.07631,0.26414,0.15,800,0.07276,0.1138,0.2,800,0.08791,0.1539,strict
SeasonalForestSpring,001210_lcam_front_lidar.ply,0.10002,799,0.14284,0.07782,0.15001,500,0.01544,0.21374,0.25,200,0.07731,0.27772,0.15,800,0.07805,0.10939,0.2,800,0.04952,0.21871,strict
SeasonalForestSpring,001211_lcam_front_lidar.ply,0.10002,799,0.16517,0.0851,0.15001,500,0.02121,0.1853,0.25,200,0.06424,0.24666,0.15,800,0.07636,0.08941,0.2,800,0.09717,0.15129,strict
SeasonalForestSpring,001212_lcam_front_lidar.ply,0.10002,799,0.14555,0.07563,0.15001,500,0.01295,0.23475,0.25,200,0.08292,0.24788,0.15,800,0.08883,0.09978,0.2,800,0.11635,0.13953,strict
SeasonalForestSpring,001213_lcam_front_lidar.ply,0.10002,799,0.03823,0.09838,0.15001,500,0.01717,0.12666,0.25,200,0.02618,0.29258,0.15,800,0.07514,0.10092,0.2,800,0.08157,0.25591,rl_v2_reward
SeasonalForestSpring,001214_lcam_front_lidar.ply,0.10002,799,0.03558,0.09533,0.15001,500,0.03118,0.16746,0.25,200,0.02406,0.27311,0.2,800,0.0605,0.23205,0.2,800,0.10947,0.14914,rl_v2_reward
SeasonalForestSpring,001215_lcam_front_lidar.ply,0.10002,799,0.04025,0.09959,0.15001,500,0.03917,0.14811,0.25,200,0.02772,0.22682,0.2,800,0.06336,0.25259,0.2,800,0.06626,0.2429,rl_v2_reward
SeasonalForestSpring,001216_lcam_front_lidar.ply,0.10002,799,0.03618,0.09318,0.15001,500,0.01504,0.21323,0.25,200,0.03115,0.27603,0.2,800,0.05421,0.20643,0.2,800,0.05686,0.21021,rl_v2_reward
SeasonalForestSpring,001217_lcam_front_lidar.ply,0.10002,799,0.03973,0.09546,0.15001,500,0.00461,0.14319,0.25,200,0.04828,0.24412,0.15,800,0.08702,0.11003,0.2,800,0.04818,0.19532,rl
SeasonalForestSpring,001218_lcam_front_lidar.ply,0.10002,799,0.0369,0.08927,0.15001,500,0.02495,0.12865,0.25,200,0.00449,0.01389,0.2,800,0.04346,0.1417,0.2,800,0.09297,0.13255,rl_v2_reward
SeasonalForestSpring,001219_lcam_front_lidar.ply,0.10002,799,0.16875,0.09116,0.15001,500,0.04331,0.13567,0.25,200,0.00776,0.19487,0.15,800,0.08507,0.10925,0.2,800,0.10511,0.13545,strict
SeasonalForestSpring,001220_lcam_front_lidar.ply,0.10002,799,0.1717,0.08233,0.15001,500,0.21228,0.12115,0.25,200,0.04026,0.27887,0.15,800,0.09429,0.09611,0.2,800,0.10841,0.13152,standard
SeasonalForestSpring,001221_lcam_front_lidar.ply,0.10002,799,0.15268,0.07566,0.15001,500,0.01236,0.10494,0.25,200,0.01633,0.21327,0.15,800,0.08872,0.09796,0.2,800,0.10241,0.13908,strict
SeasonalForestSpring,001222_lcam_front_lidar.ply,0.10002,799,0.15141,0.06557,0.15001,500,0.09112,0.17996,0.25,200,0.05074,0.26207,0.15,800,0.09161,0.09616,0.2,800,0.13056,0.13996,strict
SeasonalForestSpring,001223_lcam_front_lidar.ply,0.10002,799,0.13926,0.07185,0.15001,500,0.20078,0.11684,0.25,200,0.04346,0.31136,0.15,800,0.1012,0.10027,0.2,800,0.04181,0.17514,standard
SeasonalForestSpring,001224_lcam_front_lidar.ply,0.10002,799,0.12057,0.06664,0.15001,500,0.04829,0.15713,0.25,200,0.03723,0.32637,0.2,800,0.05397,0.1879,0.2,800,0.04442,0.16309,strict
SeasonalForestSpring,001225_lcam_front_lidar.ply,0.10002,799,0.10863,0.06292,0.15001,500,0.04609,0.15348,0.25,200,0.08421,0.257,0.2,800,0.05763,0.18989,0.2,800,0.04852,0.16836,strict
SeasonalForestSpring,001226_lcam_front_lidar.ply,0.10002,799,0.11898,0.0731,0.15001,500,0.03431,0.18193,0.25,200,0.00666,0.2541,0.2,800,0.05637,0.2136,0.2,800,0.05556,0.19103,strict
SeasonalForestSpring,001227_lcam_front_lidar.ply,0.10002,799,0.02561,0.05482,0.15001,500,0.05311,0.1569,0.25,200,0.03332,0.2772,0.2,800,0.06184,0.22054,0.2,800,0.06579,0.21045,rl_v2_reward
SeasonalForestSpring,001228_lcam_front_lidar.ply,0.10002,799,0.14667,0.08671,0.15001,500,0.04813,0.1633,0.25,200,0.07226,0.23997,0.2,800,0.05729,0.19178,0.2,800,0.05154,0.16752,strict
SeasonalForestSpring,001229_lcam_front_lidar.ply,0.10002,799,0.12033,0.06676,0.15001,500,0.06657,0.16647,0.25,200,0.08023,0.24693,0.2,800,0.06316,0.20118,0.2,800,0.05679,0.16858,strict
SeasonalForestSpring,001230_lcam_front_lidar.ply,0.10002,799,0.02886,0.06316,0.15001,500,0.05428,0.16059,0.25,200,0.07558,0.24002,0.2,800,0.0576,0.17763,0.2,800,0.05451,0.19236,loose
SeasonalForestSpring,001231_lcam_front_lidar.ply,0.10002,799,0.05277,0.11749,0.15001,500,0.06021,0.18374,0.25,200,0.07411,0.22753,0.15,800,0.1199,0.11745,0.2,800,0.05107,0.18145,rl
SeasonalForestSpring,001232_lcam_front_lidar.ply,0.10002,799,0.021,0.06511,0.15001,500,0.04914,0.14963,0.25,200,0.0244,0.26062,0.15,800,0.1104,0.11024,0.2,800,0.05954,0.1836,rl
SeasonalForestSpring,001233_lcam_front_lidar.ply,0.10002,799,0.02606,0.06984,0.15001,500,0.03029,0.13138,0.25,200,0.0768,0.24093,0.2,800,0.05013,0.17452,0.2,800,0.05522,0.17343,loose
SeasonalForestSpring,001234_lcam_front_lidar.ply,0.10002,799,0.02208,0.06617,0.15001,500,0.02307,0.18071,0.25,200,0.07345,0.22772,0.2,800,0.04681,0.1834,0.2,800,0.05917,0.19571,loose
SeasonalForestSpring,001235_lcam_front_lidar.ply,0.10002,799,0.02041,0.06434,0.15001,500,0.05005,0.14958,0.25,200,0.00204,0.1673,0.15,800,0.13529,0.13133,0.2,800,0.19027,0.19503,rl_v2_reward
SeasonalForestSpring,001236_lcam_front_lidar.ply,0.10002,799,0.02769,0.0741,0.15001,500,0.02973,0.1839,0.25,200,0.02212,0.25678,0.15,800,0.10428,0.10883,0.2,800,0.17739,0.17427,rl_v2_reward
SeasonalForestSpring,001237_lcam_front_lidar.ply,0.10002,799,0.14626,0.07891,0.15001,500,0.03396,0.13272,0.25,200,0.03664,0.25457,0.2,800,0.03802,0.14813,0.2,800,0.04876,0.19532,strict
SeasonalForestSpring,001238_lcam_front_lidar.ply,0.10002,799,0.15466,0.07759,0.15001,500,0.02743,0.15394,0.25,200,0.01775,0.25381,0.15,800,0.11689,0.11354,0.2,800,0.16322,0.15607,rl_v2_reward
SeasonalForestSpring,001239_lcam_front_lidar.ply,0.10002,799,0.16281,0.08685,0.15001,500,0.02375,0.22968,0.25,200,0.02606,0.29816,0.2,800,0.17101,0.16968,0.2,800,0.17661,0.17371,rl_v2_reward
SeasonalForestSpring,001240_lcam_front_lidar.ply,0.10002,799,0.13783,0.07116,0.15001,500,0.04157,0.1559,0.25,200,0.07013,0.24822,0.2,800,0.17477,0.17444,0.2,800,0.18293,0.18349,rl_v2_reward
SeasonalForestSpring,001241_lcam_front_lidar.ply,0.10002,799,0.18201,0.0988,0.15001,500,0.02257,0.20902,0.25,200,0.0675,0.2458,0.2,800,0.04535,0.16571,0.2,800,0.04932,0.18082,strict
SeasonalForestSpring,001242_lcam_front_lidar.ply,0.10002,799,0.07256,0.1301,0.15001,500,0.04533,0.13024,0.25,200,0.06232,0.22925,0.2,800,0.04282,0.16268,0.2,800,0.04183,0.17225,strict
SeasonalForestSpring,001243_lcam_front_lidar.ply,0.10002,799,0.15647,0.07939,0.15001,500,0.04504,0.14061,0.25,200,0.03561,0.32663,0.2,800,0.0452,0.16931,0.2,800,0.04509,0.16197,strict
SeasonalForestSpring,001244_lcam_front_lidar.ply,0.10002,799,0.15151,0.07307,0.15001,500,0.0402,0.15912,0.25,200,0.06321,0.23322,0.2,800,0.04338,0.16728,0.2,800,0.04858,0.18345,strict
SeasonalForestSpring,001245_lcam_front_lidar.ply,0.10002,799,0.06199,0.11889,0.15001,500,0.03351,0.15135,0.25,200,0.06357,0.2389,0.2,800,0.04891,0.17142,0.2,800,0.04891,0.16728,loose
SeasonalForestSpring,001246_lcam_front_lidar.ply,0.10002,799,0.05932,0.11425,0.15001,500,0.04862,0.16595,0.25,200,0.03804,0.20567,0.2,800,0.04765,0.16457,0.2,800,0.18964,0.18751,rl_v2_reward
SeasonalForestSpring,001247_lcam_front_lidar.ply,0.10002,799,0.20062,0.10555,0.15001,500,0.03836,0.22241,0.25,200,0.06491,0.23835,0.2,800,0.05858,0.19475,0.2,800,0.05397,0.1761,strict
SeasonalForestSpring,001248_lcam_front_lidar.ply,0.10002,799,0.04152,0.09375,0.15001,500,0.04094,0.18211,0.25,200,0.06248,0.23602,0.2,800,0.04935,0.17141,0.2,800,0.05034,0.17463,loose
SeasonalForestSpring,001249_lcam_front_lidar.ply,0.10002,799,0.19452,0.11354,0.15001,500,0.03877,0.16606,0.25,200,0.04526,0.24007,0.2,800,0.05641,0.18594,0.2,800,0.05369,0.19138,strict
SeasonalForestSpring,001250_lcam_front_lidar.ply,0.10002,799,0.20801,0.11847,0.15001,500,0.02075,0.1755,0.25,200,0.05558,0.22766,0.2,800,0.05806,0.18348,0.2,800,0.0561,0.1825,strict
SeasonalForestSpring,001251_lcam_front_lidar.ply,0.10002,799,0.0219,0.15195,0.15001,500,0.02714,0.23483,0.25,200,0.03671,0.21459,0.2,800,0.05388,0.19434,0.2,800,0.05906,0.18528,rl_v2_reward
SeasonalForestSpring,001252_lcam_front_lidar.ply,0.10002,799,0.0284,0.04663,0.15001,500,0.03025,0.16413,0.25,200,0.05538,0.23285,0.2,800,0.05612,0.19959,0.2,800,0.05445,0.19191,rl
SeasonalForestSpring,001253_lcam_front_lidar.ply,0.10002,799,0.14962,0.10931,0.15001,500,0.02779,0.14254,0.25,200,0.05785,0.24068,0.2,800,0.05396,0.20037,0.2,800,0.05506,0.20413,strict
SeasonalForestSpring,001254_lcam_front_lidar.ply,0.10002,799,0.19946,0.1219,0.15001,500,0.04154,0.14994,0.25,200,0.05414,0.30745,0.15,800,0.14922,0.1499,0.2,800,0.05592,0.20862,strict
SeasonalForestSpring,001255_lcam_front_lidar.ply,0.10002,799,0.16825,0.11808,0.15001,500,0.0402,0.15398,0.25,200,0.0545,0.23899,0.2,800,0.05388,0.19401,0.2,800,0.05143,0.1946,strict
SeasonalForestSpring,001256_lcam_front_lidar.ply,0.10002,799,0.20285,0.12546,0.15001,500,0.02507,0.16381,0.25,200,0.05286,0.25504,0.15,800,0.13949,0.16069,0.2,800,0.1687,0.19858,strict
SeasonalForestSpring,001257_lcam_front_lidar.ply,0.10002,799,0.19733,0.12598,0.15001,500,0.02109,0.20508,0.25,200,0.05256,0.23811,0.15,800,0.12331,0.15298,0.2,800,0.17572,0.19619,strict
SeasonalForestSpring,001258_lcam_front_lidar.ply,0.10002,799,0.18788,0.12168,0.15001,500,0.02242,0.16198,0.25,200,0.05351,0.25659,0.15,800,0.13511,0.16794,0.2,800,0.05642,0.21602,strict
SeasonalForestSpring,001259_lcam_front_lidar.ply,0.10002,799,0.19172,0.123,0.15001,500,0.03479,0.13337,0.25,200,0.05072,0.25058,0.15,800,0.1347,0.16015,0.2,800,0.0527,0.20388,strict
SeasonalForestSpring,001260_lcam_front_lidar.ply,0.10002,799,0.1823,0.12224,0.15001,500,0.02351,0.17387,0.25,200,0.05059,0.24494,0.2,800,0.05717,0.21794,0.2,800,0.05549,0.19506,strict
SeasonalForestSpring,001261_lcam_front_lidar.ply,0.10002,799,0.16287,0.12235,0.15001,500,0.02922,0.14144,0.25,200,0.02908,0.21455,0.2,800,0.18248,0.21166,0.2,800,0.18136,0.21205,rl
SeasonalForestSpring,001262_lcam_front_lidar.ply,0.10002,799,0.17266,0.12313,0.15001,500,0.03243,0.1242,0.25,200,0.0473,0.24536,0.2,800,0.05592,0.21381,0.2,800,0.17686,0.20606,rl_v2_reward
SeasonalForestSpring,001263_lcam_front_lidar.ply,0.10002,799,0.18114,0.12034,0.15001,500,0.03602,0.18677,0.25,200,0.00128,0.00556,0.2,800,0.17729,0.20989,0.2,800,0.18094,0.21435,strict
SeasonalForestSpring,001264_lcam_front_lidar.ply,0.10002,799,0.16231,0.11462,0.15001,500,0.24383,0.15659,0.25,200,0.04685,0.26378,0.2,800,0.16708,0.20464,0.2,800,0.16983,0.20864,standard
SeasonalForestSpring,001265_lcam_front_lidar.ply,0.10002,799,0.15512,0.11107,0.15001,500,0.02454,0.11891,0.25,200,0.01652,0.20321,0.2,800,0.16687,0.20725,0.2,800,0.16848,0.20693,rl_v2_reward
SeasonalForestSpring,001266_lcam_front_lidar.ply,0.10002,799,0.13989,0.11126,0.15001,500,0.24161,0.15877,0.25,200,0.03771,0.24637,0.2,800,0.17514,0.212,0.2,800,0.17556,0.21267,standard
SeasonalForestSpring,001267_lcam_front_lidar.ply,0.10002,799,0.15076,0.11749,0.15001,500,0.23174,0.16217,0.25,200,0.03227,0.21776,0.2,800,0.16936,0.21286,0.2,800,0.17098,0.21207,standard
SeasonalForestSpring,001268_lcam_front_lidar.ply,0.10002,799,0.14978,0.12201,0.15001,500,0.01259,0.11937,0.25,200,0.03119,0.2823,0.2,800,0.15126,0.19401,0.2,800,0.15356,0.18325,rl_v2_reward
SeasonalForestSpring,001269_lcam_front_lidar.ply,0.10002,799,0.13533,0.11912,0.15001,500,0.22043,0.16934,0.25,200,0.00146,0.00799,0.2,800,0.14691,0.19795,0.2,800,0.16326,0.22317,standard
SeasonalForestSpring,001270_lcam_front_lidar.ply,0.10002,799,0.13541,0.11095,0.15001,500,0.21112,0.16164,0.25,200,0.01661,0.20615,0.2,800,0.16236,0.21067,0.2,800,0.16254,0.21244,standard
SeasonalForestSpring,001271_lcam_front_lidar.ply,0.10002,799,0.12845,0.11641,0.15001,500,0.02217,0.18057,0.25,200,0.0089,0.2075,0.2,800,0.15923,0.22507,0.2,800,0.15211,0.21106,rl
SeasonalForestSpring,001272_lcam_front_lidar.ply,0.10002,799,0.13929,0.12223,0.15001,500,0.2092,0.16983,0.25,200,0.05,0.32291,0.2,800,0.15192,0.20965,0.2,800,0.15422,0.20587,standard
SeasonalForestSpring,001273_lcam_front_lidar.ply,0.10002,799,0.1121,0.12129,0.15001,500,0.2053,0.18374,0.25,200,0.00633,0.1598,0.2,800,0.16028,0.22798,0.2,800,0.15282,0.20963,standard
SeasonalForestSpring,001274_lcam_front_lidar.ply,0.10002,799,0.11149,0.11845,0.15001,500,0.02186,0.18481,0.25,200,0.01855,0.19831,0.2,800,0.13794,0.22894,0.2,800,0.13529,0.22189,rl
SeasonalForestSpring,001275_lcam_front_lidar.ply,0.10002,799,0.10716,0.11767,0.15001,500,0.19046,0.18004,0.25,200,0.0158,0.23684,0.2,800,0.12993,0.23001,0.2,800,0.1245,0.20817,standard
SeasonalForestSpring,001276_lcam_front_lidar.ply,0.10002,799,0.10818,0.11418,0.15001,500,0.00691,0.13234,0.25,200,0.0192,0.18726,0.2,800,0.12795,0.2108,0.2,800,0.10472,0.17777,rl
SeasonalForestSpring,001277_lcam_front_lidar.ply,0.10002,799,0.10009,0.11396,0.15001,500,0.0128,0.11444,0.25,200,0.01648,0.19034,0.2,800,0.13056,0.21483,0.2,800,0.13179,0.21519,rl_v2_reward
SeasonalForestSpring,001278_lcam_front_lidar.ply,0.10002,799,0.09293,0.11405,0.15001,500,0.00624,0.08892,0.25,200,0.01573,0.19093,0.2,800,0.14445,0.20819,0.2,800,0.14568,0.20955,rl_v2_reward
SeasonalForestSpring,001279_lcam_front_lidar.ply,0.10002,799,0.08201,0.1117,0.15001,500,0.00622,0.15239,0.25,200,0.01855,0.22198,0.2,800,0.14736,0.21264,0.2,800,0.13963,0.19804,rl
SeasonalForestSpring,001280_lcam_front_lidar.ply,0.10002,799,0.03578,0.09814,0.15001,500,0.02525,0.13623,0.25,200,0.02333,0.23976,0.2,800,0.15169,0.21843,0.2,800,0.15027,0.21813,rl
SeasonalForestSpring,001281_lcam_front_lidar.ply,0.10002,799,0.04359,0.0889,0.15001,500,0.0036,0.00185,0.25,200,0.02212,0.23058,0.2,800,0.12902,0.19565,0.2,800,0.13845,0.20773,rl_v2_reward
SeasonalForestSpring,001282_lcam_front_lidar.ply,0.10002,799,0.03644,0.0868,0.15001,500,0.01054,0.191,0.25,200,0.01872,0.21915,0.2,800,0.15144,0.21212,0.2,800,0.14909,0.21197,rl
SeasonalForestSpring,001283_lcam_front_lidar.ply,0.10002,799,0.04137,0.08229,0.15001,500,0.04739,0.09461,0.25,200,0.02653,0.22124,0.2,800,0.1234,0.19127,0.2,800,0.13152,0.19757,rl_v2_reward
SeasonalForestSpring,001284_lcam_front_lidar.ply,0.10002,799,0.07987,0.09026,0.15001,500,0.00297,0.00599,0.25,200,0.02207,0.21447,0.2,800,0.14559,0.21984,0.2,800,0.14251,0.20283,rl
SeasonalForestSpring,001285_lcam_front_lidar.ply,0.10002,799,0.06242,0.07679,0.15001,500,0.0147,0.157,0.25,200,0.0216,0.23272,0.2,800,0.1279,0.20286,0.2,800,0.14603,0.21335,rl_v2_reward
SeasonalForestSpring,001286_lcam_front_lidar.ply,0.10002,799,0.11745,0.07318,0.15001,500,0.22285,0.1532,0.25,200,0.04139,0.3085,0.2,800,0.13255,0.19575,0.2,800,0.15042,0.2127,standard
SeasonalForestSpring,001287_lcam_front_lidar.ply,0.10002,799,0.15897,0.06428,0.15001,500,0.25402,0.10966,0.25,200,0.02448,0.28397,0.2,800,0.13077,0.20296,0.2,800,0.13362,0.21264,standard
SeasonalForestSpring,001288_lcam_front_lidar.ply,0.10002,799,0.1443,0.0599,0.15001,500,0.15483,0.06954,0.25,200,0.01946,0.19968,0.2,800,0.13376,0.21533,0.2,800,0.12652,0.19861,standard
SeasonalForestSpring,001289_lcam_front_lidar.ply,0.10002,799,0.13119,0.0522,0.15001,500,0.00702,0.05628,0.25,200,0.01328,0.20575,0.2,800,0.12367,0.19164,0.2,800,0.12482,0.1945,strict
SeasonalForestSpring,001290_lcam_front_lidar.ply,0.10002,799,0.12722,0.07213,0.15001,500,0.13293,0.07832,0.25,200,0.01285,0.21461,0.2,800,0.10713,0.17645,0.2,800,0.106,0.17632,standard
SeasonalForestSpring,001291_lcam_front_lidar.ply,0.10002,799,0.11413,0.094,0.15001,500,0.0017,0.11777,0.25,200,0.00495,0.01558,0.2,800,0.10684,0.16112,0.2,800,0.11266,0.16027,strict
SeasonalForestSpring,001292_lcam_front_lidar.ply,0.10002,799,0.10531,0.09999,0.15001,500,0.01925,0.05902,0.25,200,0.00207,0.00732,0.2,800,0.11012,0.16986,0.2,800,0.112,0.17096,rl_v2_reward
SeasonalForestSpring,001293_lcam_front_lidar.ply,0.10002,799,0.07934,0.099,0.15001,500,0.02805,0.06204,0.25,200,0.0072,0.12513,0.2,800,0.1133,0.17804,0.2,800,0.11054,0.16692,rl
SeasonalForestSpring,001294_lcam_front_lidar.ply,0.10002,799,0.0,0.0,0.15001,500,0.00249,0.05578,0.25,200,0.0038,0.20336,0.2,800,0.11356,0.17302,0.2,800,0.11482,0.18013,rl_v2_reward
SeasonalForestSpring,001295_lcam_front_lidar.ply,0.10002,799,0.01642,0.12811,0.15001,500,0.02518,0.04858,0.25,200,0.0094,0.2546,0.2,800,0.1209,0.17818,0.2,800,0.11594,0.16983,rl
SeasonalForestSpring,001296_lcam_front_lidar.ply,0.10002,799,0.11682,0.11381,0.15001,500,0.01413,0.05774,0.25,200,0.01277,0.22954,0.2,800,0.11862,0.17274,0.2,800,0.10984,0.1829,rl
SeasonalForestSpring,001297_lcam_front_lidar.ply,0.10002,799,0.0016,0.06138,0.15001,500,0.00084,0.07219,0.25,200,0.05845,0.23822,0.2,800,0.1134,0.1781,0.2,800,0.10994,0.19081,rl
SeasonalForestSpring,001298_lcam_front_lidar.ply,0.10002,799,0.1267,0.11357,0.15001,500,0.04949,0.16024,0.25,200,0.01784,0.22193,0.2,800,0.11769,0.17443,0.2,800,0.11769,0.17373,strict
SeasonalForestSpring,001299_lcam_front_lidar.ply,0.10002,799,0.10717,0.11069,0.15001,500,0.05133,0.19615,0.25,200,0.01481,0.19947,0.2,800,0.11456,0.18498,0.2,800,0.11018,0.17296,rl
SeasonalForestSpring,001300_lcam_front_lidar.ply,0.10002,799,0.1127,0.11386,0.15001,500,0.04792,0.16949,0.25,200,0.01871,0.21587,0.2,800,0.11224,0.17488,0.2,800,0.11009,0.1701,strict
SeasonalForestSpring,001301_lcam_front_lidar.ply,0.10002,799,0.12254,0.12077,0.15001,500,0.00295,0.01046,0.25,200,0.01667,0.20686,0.2,800,0.11259,0.18059,0.2,800,0.11437,0.17996,strict
SeasonalForestSpring,001302_lcam_front_lidar.ply,0.10002,799,0.1193,0.11096,0.15001,500,0.00931,0.09754,0.25,200,0.01861,0.25211,0.2,800,0.11387,0.18353,0.2,800,0.11414,0.185,strict
SeasonalForestSpring,001303_lcam_front_lidar.ply,0.10002,799,0.11658,0.1175,0.15001,500,0.04596,0.19251,0.25,200,0.01774,0.21302,0.2,800,0.12277,0.2004,0.2,800,0.12003,0.19087,rl
SeasonalForestSpring,001304_lcam_front_lidar.ply,0.10002,799,0.12572,0.1166,0.15001,500,0.00209,0.09526,0.25,200,0.01734,0.22673,0.2,800,0.11203,0.18499,0.2,800,0.12313,0.20737,strict
SeasonalForestSpring,001305_lcam_front_lidar.ply,0.10002,799,0.13246,0.12065,0.15001,500,0.04612,0.21028,0.25,200,0.01696,0.1613,0.2,800,0.11495,0.18442,0.2,800,0.11907,0.1924,strict
SeasonalForestSpring,001306_lcam_front_lidar.ply,0.10002,799,0.11048,0.11535,0.15001,500,0.04783,0.20683,0.25,200,0.01741,0.23192,0.2,800,0.11872,0.19564,0.2,800,0.11181,0.18304,rl
SeasonalForestSpring,001307_lcam_front_lidar.ply,0.10002,799,0.13249,0.11867,0.15001,500,0.0463,0.20725,0.25,200,0.01319,0.17892,0.2,800,0.12336,0.19204,0.2,800,0.11056,0.18565,strict
SeasonalForestSpring,001308_lcam_front_lidar.ply,0.10002,799,0.11499,0.10856,0.15001,500,0.00167,0.00201,0.25,200,0.00419,0.2747,0.2,800,0.11273,0.19463,0.2,800,0.113,0.19359,strict
SeasonalForestSpring,001309_lcam_front_lidar.ply,0.10002,799,0.12523,0.11375,0.15001,500,0.02294,0.12682,0.25,200,0.01124,0.16218,0.2,800,0.12263,0.19668,0.2,800,0.11994,0.19162,strict
SeasonalForestSpring,001310_lcam_front_lidar.ply,0.10002,799,0.12265,0.11336,0.15001,500,0.00567,0.17204,0.25,200,0.01678,0.20597,0.2,800,0.11669,0.19647,0.2,800,0.12408,0.19155,rl_v2_reward
SeasonalForestSpring,001311_lcam_front_lidar.ply,0.10002,799,0.11853,0.112,0.15001,500,0.04102,0.16069,0.25,200,0.01709,0.22604,0.2,800,0.10832,0.16853,0.2,800,0.12164,0.19877,rl_v2_reward
SeasonalForestSpring,001312_lcam_front_lidar.ply,0.10002,799,0.11616,0.11448,0.15001,500,0.18228,0.1602,0.25,200,0.0038,0.18121,0.2,800,0.13076,0.19817,0.2,800,0.12912,0.19326,standard
SeasonalForestSpring,001313_lcam_front_lidar.ply,0.10002,799,0.09344,0.11172,0.15001,500,0.17251,0.16455,0.25,200,0.01525,0.18486,0.2,800,0.12012,0.19104,0.2,800,0.12294,0.19586,standard
SeasonalForestSpring,001314_lcam_front_lidar.ply,0.10002,799,0.08596,0.10543,0.15001,500,0.16173,0.15191,0.25,200,0.01065,0.22126,0.2,800,0.12206,0.2008,0.2,800,0.12026,0.19608,standard
SeasonalForestSpring,001315_lcam_front_lidar.ply,0.10002,799,0.08852,0.10739,0.15001,500,0.14503,0.14403,0.25,200,0.00452,0.02355,0.2,800,0.11846,0.1945,0.2,800,0.12336,0.20498,standard
SeasonalForestSpring,001316_lcam_front_lidar.ply,0.10002,799,0.08523,0.10251,0.15001,500,0.16224,0.16998,0.25,200,0.00565,0.22464,0.2,800,0.10919,0.19142,0.2,800,0.11327,0.20284,standard
SeasonalForestSpring,001317_lcam_front_lidar.ply,0.10002,799,0.08845,0.11226,0.15001,500,0.16109,0.15907,0.25,200,0.00953,0.16287,0.2,800,0.10848,0.19299,0.2,800,0.11073,0.19782,standard
SeasonalForestSpring,001318_lcam_front_lidar.ply,0.10002,799,0.09645,0.10535,0.15001,500,0.17068,0.17662,0.25,200,0.0012,0.0014,0.2,800,0.0947,0.16164,0.2,800,0.09673,0.17051,standard
SeasonalForestSpring,001319_lcam_front_lidar.ply,0.10002,799,0.09778,0.1126,0.15001,500,0.17665,0.17516,0.25,200,0.00941,0.16335,0.2,800,0.11893,0.21311,0.2,800,0.10096,0.17569,standard
SeasonalForestSpring,001320_lcam_front_lidar.ply,0.10002,799,0.09645,0.1142,0.15001,500,0.18616,0.16463,0.25,200,0.00402,0.02091,0.2,800,0.11797,0.20322,0.2,800,0.09228,0.16581,standard
SeasonalForestSpring,001321_lcam_front_lidar.ply,0.10002,799,0.09337,0.11069,0.15001,500,0.01441,0.17187,0.25,200,0.00148,0.00531,0.2,800,0.10863,0.1861,0.2,800,0.10867,0.19709,rl_v2_reward
SeasonalForestSpring,001322_lcam_front_lidar.ply,0.10002,799,0.0812,0.11883,0.15001,500,0.00315,0.00429,0.25,200,0.00031,0.00039,0.2,800,0.09339,0.17266,0.2,800,0.10776,0.2002,rl_v2_reward
SeasonalForestSpring,001323_lcam_front_lidar.ply,0.10002,799,0.06639,0.1033,0.15001,500,0.01222,0.20226,0.25,200,0.00042,0.00086,0.2,800,0.1055,0.1814,0.2,800,0.08512,0.13816,rl
SeasonalForestSpring,001324_lcam_front_lidar.ply,0.10002,799,0.07845,0.10475,0.15001,500,0.00224,0.09315,0.25,200,0.00165,0.00298,0.2,800,0.10716,0.1932,0.2,800,0.08265,0.16789,rl
SeasonalForestSpring,001325_lcam_front_lidar.ply,0.10002,799,0.09444,0.11924,0.15001,500,0.1638,0.17043,0.25,200,0.0013,0.0031,0.2,800,0.07891,0.13423,0.2,800,0.07385,0.1436,standard
SeasonalForestSpring,001326_lcam_front_lidar.ply,0.10002,799,0.09091,0.11458,0.15001,500,0.00236,0.00254,0.25,200,0.0078,0.20311,0.2,800,0.1036,0.19314,0.2,800,0.06824,0.13842,rl
SeasonalForestSpring,001327_lcam_front_lidar.ply,0.10002,799,0.07677,0.10683,0.15001,500,0.01658,0.17678,0.25,200,0.00164,0.20907,0.2,800,0.10373,0.19552,0.2,800,0.07274,0.1479,rl
SeasonalForestSpring,001328_lcam_front_lidar.ply,0.10002,799,0.07236,0.10465,0.15001,500,0.00208,0.0809,0.25,200,0.00173,0.08057,0.2,800,0.07446,0.16663,0.2,800,0.07154,0.15303,rl
SeasonalForestSpring,001329_lcam_front_lidar.ply,0.10002,799,0.07582,0.11144,0.15001,500,0.01373,0.06179,0.25,200,0.00455,0.11691,0.2,800,0.07038,0.14672,0.2,800,0.06843,0.15463,strict
SeasonalForestSpring,001330_lcam_front_lidar.ply,0.10002,799,0.07774,0.10794,0.15001,500,0.01559,0.13768,0.25,200,0.00153,0.00419,0.2,800,0.06645,0.15019,0.2,800,0.06668,0.14771,strict
SeasonalForestSpring,001331_lcam_front_lidar.ply,0.10002,799,0.08368,0.11869,0.15001,500,0.05123,0.16614,0.25,200,0.00647,0.14312,0.2,800,0.07846,0.15885,0.2,800,0.06876,0.15078,strict
SeasonalForestSpring,001332_lcam_front_lidar.ply,0.10002,799,0.06681,0.11317,0.15001,500,0.07302,0.19854,0.25,200,0.00562,0.12232,0.2,800,0.05909,0.11903,0.2,800,0.06283,0.14142,standard
SeasonalForestSpring,001333_lcam_front_lidar.ply,0.10002,799,0.07475,0.09901,0.15001,500,0.00163,0.00136,0.25,200,0.00539,0.09134,0.2,800,0.0686,0.13335,0.2,800,0.06864,0.13129,strict
SeasonalForestSpring,001334_lcam_front_lidar.ply,0.10002,799,0.05503,0.11175,0.15001,500,0.04091,0.16331,0.25,200,0.00739,0.14977,0.2,800,0.06794,0.14398,0.2,800,0.06903,0.12762,rl_v2_reward
SeasonalForestSpring,001335_lcam_front_lidar.ply,0.10002,799,0.08237,0.12316,0.15001,500,0.0431,0.17651,0.25,200,0.0028,0.00976,0.2,800,0.08315,0.18505,0.2,800,0.06915,0.1275,rl
SeasonalForestSpring,001336_lcam_front_lidar.ply,0.10002,799,0.03566,0.1111,0.15001,500,0.05513,0.19551,0.25,200,0.00704,0.15115,0.2,800,0.07628,0.13153,0.2,800,0.09737,0.19518,rl_v2_reward
SeasonalForestSpring,001337_lcam_front_lidar.ply,0.10002,799,0.0331,0.09709,0.15001,500,0.02334,0.09326,0.25,200,0.00111,0.00165,0.2,800,0.07753,0.12528,0.2,800,0.06385,0.11372,rl
SeasonalForestSpring,001338_lcam_front_lidar.ply,0.10002,799,0.04064,0.1002,0.15001,500,0.00196,0.1036,0.25,200,0.05176,0.17435,0.2,800,0.0721,0.14099,0.2,800,0.07242,0.14295,rl_v2_reward
SeasonalForestSpring,001339_lcam_front_lidar.ply,0.10002,799,0.03784,0.10339,0.15001,500,0.04148,0.10764,0.25,200,0.00289,0.00386,0.2,800,0.08157,0.15435,0.2,800,0.08341,0.15235,rl_v2_reward
SeasonalForestSpring,001340_lcam_front_lidar.ply,0.10002,799,0.04838,0.11388,0.15001,500,0.08825,0.15372,0.25,200,0.0563,0.12581,0.2,800,0.10302,0.20401,0.2,800,0.07987,0.14596,rl
SeasonalForestSpring,001341_lcam_front_lidar.ply,0.10002,799,0.08796,0.1391,0.15001,500,0.07995,0.16591,0.25,200,0.00764,0.1007,0.2,800,0.07379,0.14969,0.2,800,0.0751,0.15861,strict
SeasonalForestSpring,001342_lcam_front_lidar.ply,0.10002,799,0.06726,0.12863,0.15001,500,0.10078,0.18992,0.25,200,0.01117,0.14683,0.2,800,0.05981,0.14511,0.2,800,0.05046,0.14447,standard
SeasonalForestSpring,001343_lcam_front_lidar.ply,0.10002,799,0.06657,0.11694,0.15001,500,0.13233,0.14008,0.25,200,0.00944,0.14614,0.2,800,0.05468,0.13164,0.2,800,0.05481,0.13478,standard
SeasonalForestSpring,001344_lcam_front_lidar.ply,0.10002,799,0.0709,0.11547,0.15001,500,0.11774,0.13256,0.25,200,0.00783,0.15941,0.2,800,0.05733,0.11963,0.2,800,0.05443,0.11778,standard
SeasonalForestSpring,001345_lcam_front_lidar.ply,0.10002,799,0.08356,0.11221,0.15001,500,0.14372,0.17295,0.25,200,0.03269,0.31783,0.2,800,0.07265,0.12907,0.2,800,0.07282,0.12762,standard
SeasonalForestSpring,001346_lcam_front_lidar.ply,0.10002,799,0.07362,0.13009,0.15001,500,0.16877,0.17999,0.25,200,0.01233,0.24518,0.2,800,0.09308,0.21896,0.2,800,0.07793,0.14324,standard
SeasonalForestSpring,001347_lcam_front_lidar.ply,0.10002,799,0.07388,0.11757,0.15001,500,0.16275,0.17475,0.25,200,0.01106,0.23814,0.2,800,0.0675,0.15407,0.2,800,0.09762,0.20017,standard
SeasonalForestSpring,001348_lcam_front_lidar.ply,0.10002,799,0.09701,0.10304,0.15001,500,0.15725,0.14842,0.25,200,0.00167,0.00439,0.2,800,0.06489,0.14703,0.2,800,0.06395,0.14574,standard
SeasonalForestSpring,001349_lcam_front_lidar.ply,0.10002,799,0.08797,0.10913,0.15001,500,0.0292,0.09198,0.25,200,0.00663,0.1567,0.2,800,0.11863,0.20519,0.2,800,0.1137,0.1943,rl
SeasonalForestSpring,001350_lcam_front_lidar.ply,0.10002,799,0.01789,0.0616,0.15001,500,0.03562,0.07829,0.25,200,0.00497,0.23143,0.2,800,0.1058,0.2127,0.2,800,0.10251,0.19811,rl
SeasonalForestSpring,001351_lcam_front_lidar.ply,0.10002,799,0.11572,0.11108,0.15001,500,0.02017,0.11447,0.25,200,0.01226,0.24085,0.2,800,0.11168,0.21922,0.2,800,0.08267,0.19049,strict
SeasonalForestSpring,001352_lcam_front_lidar.ply,0.10002,799,0.02753,0.07091,0.15001,500,0.02518,0.08527,0.25,200,0.00816,0.10541,0.2,800,0.09555,0.19094,0.2,800,0.10102,0.20429,rl_v2_reward
SeasonalForestSpring,001353_lcam_front_lidar.ply,0.10002,799,0.1294,0.11435,0.15001,500,0.03232,0.06056,0.25,200,0.01329,0.15352,0.2,800,0.10109,0.197,0.2,800,0.10682,0.19476,strict
SeasonalForestSpring,001354_lcam_front_lidar.ply,0.10002,799,0.04748,0.10971,0.15001,500,0.02254,0.06446,0.25,200,0.04303,0.09815,0.2,800,0.07265,0.15382,0.2,800,0.07899,0.17073,rl_v2_reward
SeasonalForestSpring,001355_lcam_front_lidar.ply,0.10002,799,0.1272,0.12431,0.15001,500,0.02451,0.0441,0.25,200,0.0343,0.16878,0.2,800,0.09307,0.18407,0.2,800,0.10504,0.19662,strict
SeasonalForestSpring,001356_lcam_front_lidar.ply,0.10002,799,0.13053,0.1219,0.15001,500,0.02352,0.06601,0.25,200,0.01167,0.29269,0.2,800,0.0,0.0,0.2,800,0.0,0.0,strict
SeasonalForestSpring,001357_lcam_front_lidar.ply,0.10002,799,0.14037,0.10357,0.15001,500,0.03124,0.05213,0.25,200,0.01721,0.07016,0.2,800,0.0,0.0,0.2,800,0.0,0.0,strict
SeasonalForestSpring,001358_lcam_front_lidar.ply,0.10002,799,0.14884,0.11834,0.15001,500,0.03464,0.05703,0.25,200,0.01734,0.232,0.2,800,0.0,0.0,0.2,800,0.0,0.0,strict
SeasonalForestSpring,001359_lcam_front_lidar.ply,0.10002,799,0.15721,0.12642,0.15001,500,0.02405,0.10112,0.25,200,0.02107,0.1994,0.2,800,0.0,0.0,0.2,800,0.0,0.0,strict
SeasonalForestSpring,001360_lcam_front_lidar.ply,0.10002,799,0.16332,0.1282,0.15001,500,0.01464,0.09175,0.25,200,0.02456,0.20514,0.2,800,0.0,0.0,0.2,800,0.08569,0.18905,strict
SeasonalForestSpring,001361_lcam_front_lidar.ply,0.10002,799,0.04542,0.10714,0.15001,500,0.01564,0.10229,0.25,200,0.02588,0.16718,0.2,800,0.0,0.0,0.2,800,0.0,0.0,strict
SeasonalForestSpring,001362_lcam_front_lidar.ply,0.10002,799,0.19612,0.11684,0.15001,500,0.02224,0.11647,0.25,200,0.02726,0.13843,0.2,800,0.0,0.0,0.2,800,0.0,0.0,strict
SeasonalForestSpring,001363_lcam_front_lidar.ply,0.10002,799,0.228,0.11926,0.15001,500,0.26337,0.14249,0.25,200,0.01959,0.13365,0.2,800,0.0,0.0,0.2,800,0.0,0.0,standard
SeasonalForestSpring,001364_lcam_front_lidar.ply,0.10002,799,0.25521,0.10502,0.15001,500,0.28739,0.12565,0.25,200,0.01144,0.34124,0.2,800,0.0,0.0,0.2,800,0.0,0.0,standard
SeasonalForestSpring,001365_lcam_front_lidar.ply,0.10002,799,0.27811,0.0918,0.15001,500,0.3136,0.11497,0.25,200,0.00153,0.23796,0.2,800,0.0,0.0,0.2,800,0.0,0.0,standard
SeasonalForestSpring,001366_lcam_front_lidar.ply,0.10002,799,0.30935,0.07016,0.15001,500,0.01607,0.14577,0.25,200,0.02319,0.18646,0.2,800,0.0,0.0,0.2,800,0.0,0.0,strict
SeasonalForestSpring,001367_lcam_front_lidar.ply,0.10002,799,0.38126,0.06383,0.15001,500,0.00493,0.1991,0.25,200,0.02415,0.18965,0.2,800,0.0,0.0,0.2,800,0.0,0.0,strict
SeasonalForestSpring,001368_lcam_front_lidar.ply,0.10002,799,0.00187,0.07196,0.15001,500,0.00074,0.13155,0.25,200,0.02176,0.18411,0.2,800,0.0,0.0,0.2,800,0.0,0.0,loose
SeasonalForestSpring,001369_lcam_front_lidar.ply,0.10002,799,0.46929,0.05715,0.15001,500,0.5006,0.07087,0.25,200,0.00052,0.16061,0.2,800,0.0,0.0,0.2,800,0.0,0.0,standard
SeasonalForestSpring,001370_lcam_front_lidar.ply,0.10002,799,0.00076,0.00012,0.15001,500,0.01211,0.03086,0.25,200,0.02118,0.09079,0.2,800,0.0,0.0,0.2,800,0.0,0.0,loose
SeasonalForestSpring,001371_lcam_front_lidar.ply,0.10002,799,0.54998,0.05543,0.15001,500,0.57266,0.06263,0.25,200,0.60735,0.08065,0.2,800,0.0,0.0,0.2,800,0.0,0.0,loose
SeasonalForestSpring,001372_lcam_front_lidar.ply,0.10002,799,0.00668,0.07126,0.15001,500,0.54005,0.06798,0.25,200,0.00758,0.08723,0.2,800,0.0,0.0,0.2,800,0.0,0.0,standard
SeasonalForestSpring,001373_lcam_front_lidar.ply,0.10002,799,0.43178,0.07825,0.15001,500,0.45847,0.08812,0.25,200,0.00554,0.16633,0.2,800,0.0,0.0,0.2,800,0.0,0.0,standard
SeasonalForestSpring,001374_lcam_front_lidar.ply,0.10002,799,0.3481,0.09275,0.15001,500,0.37902,0.10934,0.25,200,0.00971,0.15261,0.2,800,0.0,0.0,0.2,800,0.0,0.0,standard
SeasonalForestSpring,001375_lcam_front_lidar.ply,0.10002,799,0.34332,0.08287,0.15001,500,0.02157,0.07651,0.25,200,0.00283,0.3142,0.2,800,0.0,0.0,0.2,800,0.0,0.0,strict
SeasonalForestSpring,001376_lcam_front_lidar.ply,0.10002,799,0.28556,0.08892,0.15001,500,0.01727,0.14905,0.25,200,0.03446,0.09553,0.2,800,0.0,0.0,0.2,800,0.0,0.0,strict
SeasonalForestSpring,001377_lcam_front_lidar.ply,0.10002,799,0.23667,0.10714,0.15001,500,0.02751,0.06966,0.25,200,0.01617,0.11974,0.2,800,0.0,0.0,0.2,800,0.0,0.0,strict
SeasonalForestSpring,001378_lcam_front_lidar.ply,0.10002,799,0.22614,0.11074,0.15001,500,0.02407,0.07145,0.25,200,0.02314,0.16271,0.2,800,0.0,0.0,0.2,800,0.0,0.0,strict
SeasonalForestSpring,001379_lcam_front_lidar.ply,0.10002,799,0.23072,0.1275,0.15001,500,0.0238,0.07933,0.25,200,0.00174,0.20723,0.2,800,0.0,0.0,0.2,800,0.0,0.0,strict
SeasonalForestSpring,001380_lcam_front_lidar.ply,0.10002,799,0.19898,0.12067,0.15001,500,0.00773,0.11004,0.25,200,0.00152,0.15598,0.2,800,0.0,0.0,0.2,800,0.0,0.0,strict
SeasonalForestSpring,001381_lcam_front_lidar.ply,0.10002,799,0.19427,0.12874,0.15001,500,0.03089,0.15617,0.25,200,0.0204,0.2923,0.2,800,0.0,0.0,0.2,800,0.0,0.0,strict
SeasonalForestSpring,001382_lcam_front_lidar.ply,0.10002,799,0.19377,0.13039,0.15001,500,0.23954,0.16085,0.25,200,0.04329,0.25294,0.2,800,0.0,0.0,0.2,800,0.0,0.0,standard
SeasonalForestSpring,001383_lcam_front_lidar.ply,0.10002,799,0.18908,0.12976,0.15001,500,0.00558,0.17018,0.25,200,0.02556,0.23303,0.2,800,0.0,0.0,0.2,800,0.0,0.0,strict
SeasonalForestSpring,001384_lcam_front_lidar.ply,0.10002,799,0.17073,0.13199,0.15001,500,0.01052,0.16503,0.25,200,0.01136,0.25187,0.2,800,0.0,0.0,0.2,800,0.0,0.0,strict
SeasonalForestSpring,001385_lcam_front_lidar.ply,0.10002,799,0.16838,0.1282,0.15001,500,0.24258,0.18107,0.25,200,0.01741,0.1679,0.2,800,0.0,0.0,0.2,800,0.0,0.0,standard
SeasonalForestSpring,001386_lcam_front_lidar.ply,0.10002,799,0.16011,0.1274,0.15001,500,0.25091,0.17926,0.25,200,0.00777,0.15858,0.2,800,0.0,0.0,0.2,800,0.0,0.0,standard
SeasonalForestSpring,001387_lcam_front_lidar.ply,0.10002,799,0.16772,0.12761,0.15001,500,0.22575,0.17181,0.25,200,0.00975,0.26294,0.2,800,0.0,0.0,0.2,800,0.0,0.0,standard
SeasonalForestSpring,001388_lcam_front_lidar.ply,0.10002,799,0.16224,0.12221,0.15001,500,0.22307,0.17018,0.25,200,0.01697,0.26451,0.2,800,0.0,0.0,0.2,800,0.0,0.0,standard
SeasonalForestSpring,001389_lcam_front_lidar.ply,0.10002,799,0.1429,0.12015,0.15001,500,0.01181,0.12544,0.25,200,0.00457,0.21865,0.2,800,0.0,0.0,0.2,800,0.0,0.0,strict
SeasonalForestSpring,001390_lcam_front_lidar.ply,0.10002,799,0.05607,0.10831,0.15001,500,0.00151,0.04855,0.25,200,0.07349,0.28228,0.2,800,0.0,0.0,0.2,800,0.0,0.0,loose
SeasonalForestSpring,001391_lcam_front_lidar.ply,0.10002,799,0.12916,0.11995,0.15001,500,0.18579,0.16121,0.25,200,0.00991,0.07486,0.2,800,0.0,0.0,0.2,800,0.0,0.0,standard
SeasonalForestSpring,001392_lcam_front_lidar.ply,0.10002,799,0.13143,0.12127,0.15001,500,0.17585,0.16252,0.25,200,0.01112,0.25732,0.2,800,0.0,0.0,0.2,800,0.0,0.0,standard
SeasonalForestSpring,001393_lcam_front_lidar.ply,0.10002,799,0.13565,0.12701,0.15001,500,0.06581,0.09793,0.25,200,0.0246,0.26447,0.2,800,0.0,0.0,0.2,800,0.0,0.0,strict
SeasonalForestSpring,001394_lcam_front_lidar.ply,0.10002,799,0.11851,0.12571,0.15001,500,0.18151,0.17204,0.25,200,0.02288,0.17629,0.2,800,0.0,0.0,0.2,800,0.0,0.0,standard
SeasonalForestSpring,001395_lcam_front_lidar.ply,0.10002,799,0.12922,0.12453,0.15001,500,0.18025,0.17341,0.25,200,0.02111,0.21739,0.2,800,0.0,0.0,0.2,800,0.0,0.0,standard
SeasonalForestSpring,001396_lcam_front_lidar.ply,0.10002,799,0.03096,0.11814,0.15001,500,0.04668,0.13081,0.25,200,0.02591,0.17761,0.2,800,0.0,0.0,0.2,800,0.0,0.0,standard
SeasonalForestSpring,001397_lcam_front_lidar.ply,0.10002,799,0.03135,0.11033,0.15001,500,0.01727,0.10334,0.25,200,0.01508,0.26949,0.2,800,0.0,0.0,0.2,800,0.0,0.0,strict
SeasonalForestSpring,001398_lcam_front_lidar.ply,0.10002,799,0.13862,0.13303,0.15001,500,0.21174,0.17477,0.25,200,0.00895,0.06752,0.2,800,0.0,0.0,0.2,800,0.0,0.0,standard
SeasonalForestSpring,001399_lcam_front_lidar.ply,0.10002,799,0.14888,0.11918,0.15001,500,0.01943,0.09691,0.25,200,0.00994,0.07472,0.2,800,0.0,0.0,0.2,800,0.0,0.0,strict
SeasonalForestSpring,001400_lcam_front_lidar.ply,0.10002,799,0.1588,0.0979,0.15001,500,0.01616,0.07972,0.25,200,0.00478,0.18627,0.2,800,0.0,0.0,0.2,800,0.0,0.0,strict
SeasonalForestSpring,001401_lcam_front_lidar.ply,0.10002,799,0.23975,0.10086,0.15001,500,0.06826,0.17057,0.25,200,0.00359,0.19448,0.2,800,0.0,0.0,0.2,800,0.0,0.0,strict
SeasonalForestSpring,001402_lcam_front_lidar.ply,0.10002,799,0.178,0.06412,0.15001,500,0.27258,0.11861,0.25,200,0.00764,0.25988,0.2,800,0.0,0.0,0.2,800,0.0,0.0,standard
SeasonalForestSpring,001403_lcam_front_lidar.ply,0.10002,799,0.26531,0.08143,0.15001,500,0.05965,0.16951,0.25,200,0.01837,0.21965,0.2,800,0.0,0.0,0.2,800,0.0,0.0,strict
SeasonalForestSpring,001404_lcam_front_lidar.ply,0.10002,799,0.3089,0.07032,0.15001,500,0.03071,0.14806,0.25,200,0.02985,0.22978,0.2,800,0.06032,0.16275,0.2,800,0.0,0.0,strict
SeasonalForestSpring,001405_lcam_front_lidar.ply,0.10002,799,0.2425,0.08878,0.15001,500,0.02934,0.16333,0.25,200,0.01626,0.23341,0.2,800,0.0,0.0,0.2,800,0.0,0.0,strict
SeasonalForestSpring,001406_lcam_front_lidar.ply,0.10002,799,0.30088,0.06676,0.15001,500,0.03587,0.03934,0.25,200,0.00127,0.18524,0.2,800,0.0,0.0,0.2,800,0.0,0.0,strict
SeasonalForestSpring,001407_lcam_front_lidar.ply,0.10002,799,0.00379,0.09447,0.15001,500,0.45237,0.06655,0.25,200,0.00036,0.00029,0.2,800,0.0,0.0,0.2,800,0.0,0.0,standard
SeasonalForestSpring,001408_lcam_front_lidar.ply,0.10002,799,0.00504,0.07267,0.15001,500,0.01754,0.0578,0.25,200,0.00632,0.22143,0.2,800,0.0,0.0,0.2,800,0.0,0.0,standard
SeasonalForestSpring,001409_lcam_front_lidar.ply,0.10002,799,0.46691,0.0559,0.15001,500,0.02641,0.04571,0.25,200,0.01642,0.17814,0.2,800,0.0,0.0,0.2,800,0.0,0.0,strict
SeasonalForestSpring,001410_lcam_front_lidar.ply,0.10002,799,0.00778,0.15902,0.15001,500,0.01415,0.08057,0.25,200,0.00517,0.3495,0.2,800,0.0,0.0,0.2,800,0.0,0.0,standard
SeasonalForestSpring,001411_lcam_front_lidar.ply,0.10002,799,0.00571,0.1346,0.15001,500,0.03171,0.05695,0.25,200,0.0379,0.0847,0.2,800,0.0,0.0,0.2,800,0.0,0.0,loose
SeasonalForestSpring,001412_lcam_front_lidar.ply,0.10002,799,0.35291,0.06489,0.15001,500,0.02627,0.08029,0.25,200,0.01113,0.17101,0.2,800,0.0,0.0,0.2,800,0.0,0.0,strict
SeasonalForestSpring,001413_lcam_front_lidar.ply,0.10002,799,0.32005,0.06707,0.15001,500,0.02468,0.08762,0.25,200,0.00746,0.14958,0.2,800,0.08754,0.18477,0.2,800,0.0,0.0,strict
SeasonalForestSpring,001414_lcam_front_lidar.ply,0.10002,799,0.32535,0.07011,0.15001,500,0.01434,0.16166,0.25,200,0.01174,0.13363,0.2,800,0.08909,0.17748,0.2,800,0.12318,0.20702,strict
SeasonalForestSpring,001415_lcam_front_lidar.ply,0.10002,799,0.27596,0.07913,0.15001,500,0.01991,0.11627,0.25,200,0.00545,0.18464,0.2,800,0.10564,0.16697,0.2,800,0.10101,0.17715,strict
SeasonalForestSpring,001416_lcam_front_lidar.ply,0.10002,799,0.27571,0.07999,0.15001,500,0.29866,0.0958,0.25,200,0.0211,0.23997,0.2,800,0.11478,0.19756,0.2,800,0.11891,0.20802,standard
SeasonalForestSpring,001417_lcam_front_lidar.ply,0.10002,799,0.21533,0.08013,0.15001,500,0.26971,0.11056,0.25,200,0.02562,0.25483,0.2,800,0.1307,0.22374,0.2,800,0.12516,0.21994,standard
SeasonalForestSpring,001418_lcam_front_lidar.ply,0.10002,799,0.14081,0.08348,0.15001,500,0.20057,0.13338,0.25,200,0.00974,0.11584,0.2,800,0.13704,0.22401,0.2,800,0.12323,0.20988,standard
SeasonalForestSpring,001419_lcam_front_lidar.ply,0.10002,799,0.10564,0.09381,0.15001,500,0.14635,0.13777,0.25,200,0.00711,0.1007,0.2,800,0.1159,0.21523,0.2,800,0.11382,0.20573,standard
SeasonalForestSpring,001420_lcam_front_lidar.ply,0.10002,799,0.09144,0.09435,0.15001,500,0.1327,0.14473,0.25,200,0.02237,0.26443,0.2,800,0.11673,0.19737,0.2,800,0.12013,0.20652,standard
SeasonalForestSpring,001421_lcam_front_lidar.ply,0.10002,799,0.08841,0.12009,0.15001,500,0.15751,0.17421,0.25,200,0.009,0.11874,0.2,800,0.10317,0.19798,0.2,800,0.09609,0.17496,standard
SeasonalForestSpring,001422_lcam_front_lidar.ply,0.10002,799,0.02194,0.05224,0.15001,500,0.01891,0.12944,0.25,200,0.00503,0.07336,0.2,800,0.12105,0.21904,0.2,800,0.12265,0.2266,rl_v2_reward
SeasonalForestSpring,001423_lcam_front_lidar.ply,0.10002,799,0.00194,0.00175,0.15001,500,0.13748,0.18174,0.25,200,0.00974,0.1916,0.2,800,0.1192,0.21861,0.2,800,0.11931,0.22026,standard
SeasonalForestSpring,001424_lcam_front_lidar.ply,0.10002,799,0.05745,0.12789,0.15001,500,0.00643,0.15677,0.25,200,0.01482,0.3284,0.2,800,0.12096,0.22793,0.2,800,0.12383,0.2271,rl_v2_reward
SeasonalForestSpring,001425_lcam_front_lidar.ply,0.10002,799,0.00837,0.08853,0.15001,500,0.02095,0.21754,0.25,200,0.01305,0.29128,0.2,800,0.11588,0.21208,0.2,800,0.11452,0.21814,rl
SeasonalForestSpring,001426_lcam_front_lidar.ply,0.10002,799,0.026,0.08679,0.15001,500,0.01586,0.13673,0.25,200,0.00656,0.32532,0.2,800,0.09631,0.20098,0.2,800,0.10636,0.21608,rl_v2_reward
SeasonalForestSpring,001427_lcam_front_lidar.ply,0.10002,799,0.046,0.12358,0.15001,500,0.04768,0.1607,0.25,200,0.01092,0.22589,0.2,800,0.11972,0.20999,0.2,800,0.12131,0.21071,rl_v2_reward
SeasonalForestSpring,001428_lcam_front_lidar.ply,0.10002,799,0.07405,0.11612,0.15001,500,0.02913,0.15413,0.25,200,0.01201,0.22843,0.2,800,0.102,0.21942,0.2,800,0.1025,0.19888,rl_v2_reward
SeasonalForestSpring,001429_lcam_front_lidar.ply,0.10002,799,0.08532,0.10868,0.15001,500,0.01611,0.12776,0.25,200,0.0187,0.30648,0.2,800,0.10644,0.20683,0.2,800,0.11144,0.2106,rl_v2_reward
SeasonalForestSpring,001430_lcam_front_lidar.ply,0.10002,799,0.0775,0.11281,0.15001,500,0.02728,0.16461,0.25,200,0.0105,0.17985,0.2,800,0.10417,0.20286,0.2,800,0.10387,0.19568,rl
SeasonalForestSpring,001431_lcam_front_lidar.ply,0.10002,799,0.05465,0.09867,0.15001,500,0.19307,0.18728,0.25,200,0.0109,0.24369,0.2,800,0.10387,0.21268,0.2,800,0.11859,0.21936,standard
SeasonalForestSpring,001432_lcam_front_lidar.ply,0.10002,799,0.09319,0.11296,0.15001,500,0.18656,0.18001,0.25,200,0.01366,0.2267,0.2,800,0.10865,0.21033,0.2,800,0.1047,0.21369,standard
SeasonalForestSpring,001433_lcam_front_lidar.ply,0.10002,799,0.05593,0.11138,0.15001,500,0.01812,0.12555,0.25,200,0.00473,0.21115,0.2,800,0.10958,0.22599,0.2,800,0.10622,0.21647,rl
SeasonalForestSpring,001434_lcam_front_lidar.ply,0.10002,799,0.06312,0.11873,0.15001,500,0.04349,0.1938,0.25,200,0.01077,0.31858,0.2,800,0.09979,0.21678,0.2,800,0.10123,0.21666,rl_v2_reward
SeasonalForestSpring,001435_lcam_front_lidar.ply,0.10002,799,0.05244,0.10824,0.15001,500,0.18053,0.18098,0.25,200,0.07789,0.21638,0.2,800,0.1028,0.20332,0.2,800,0.11195,0.22192,standard
SeasonalForestSpring,001436_lcam_front_lidar.ply,0.10002,799,0.1063,0.12589,0.15001,500,0.02468,0.11706,0.25,200,0.00722,0.34745,0.2,800,0.10875,0.21034,0.2,800,0.11388,0.21816,rl_v2_reward
SeasonalForestSpring,001437_lcam_front_lidar.ply,0.10002,799,0.06941,0.11052,0.15001,500,0.17035,0.17545,0.25,200,0.05094,0.19832,0.2,800,0.09347,0.19857,0.2,800,0.0991,0.2119,standard
SeasonalForestSpring,001438_lcam_front_lidar.ply,0.10002,799,0.06207,0.11067,0.15001,500,0.01751,0.19431,0.25,200,0.01417,0.25551,0.2,800,0.11612,0.24067,0.2,800,0.11898,0.21331,rl_v2_reward
SeasonalForestSpring,001439_lcam_front_lidar.ply,0.10002,799,0.06055,0.1145,0.15001,500,0.02376,0.14257,0.25,200,0.00918,0.1934,0.2,800,0.11947,0.21172,0.2,800,0.11628,0.21536,rl
SeasonalForestSpring,001440_lcam_front_lidar.ply,0.10002,799,0.06908,0.11464,0.15001,500,0.01272,0.12325,0.25,200,0.01093,0.2511,0.2,800,0.12141,0.2111,0.2,800,0.12131,0.21298,rl
SeasonalForestSpring,001441_lcam_front_lidar.ply,0.10002,799,0.06996,0.1148,0.15001,500,0.1878,0.17188,0.25,200,0.01282,0.21368,0.2,800,0.12102,0.20354,0.2,800,0.1206,0.2028,standard
SeasonalForestSpring,001442_lcam_front_lidar.ply,0.10002,799,0.084,0.12125,0.15001,500,0.02339,0.14774,0.25,200,0.01162,0.28842,0.2,800,0.1161,0.228,0.2,800,0.11776,0.20887,rl_v2_reward
SeasonalForestSpring,001443_lcam_front_lidar.ply,0.10002,799,0.10767,0.12061,0.15001,500,0.02923,0.15258,0.25,200,0.00887,0.29253,0.2,800,0.12316,0.20263,0.2,800,0.1185,0.21018,rl
SeasonalForestSpring,001444_lcam_front_lidar.ply,0.10002,799,0.09529,0.12139,0.15001,500,0.02008,0.14656,0.25,200,0.00728,0.26795,0.2,800,0.10647,0.1832,0.2,800,0.11475,0.19765,rl_v2_reward
SeasonalForestSpring,001445_lcam_front_lidar.ply,0.10002,799,0.10475,0.125,0.15001,500,0.18729,0.17606,0.25,200,0.01275,0.24165,0.2,800,0.11809,0.19943,0.2,800,0.12453,0.20506,standard
SeasonalForestSpring,001446_lcam_front_lidar.ply,0.10002,799,0.08268,0.10397,0.15001,500,0.02737,0.14381,0.25,200,0.00794,0.34068,0.2,800,0.11179,0.19727,0.2,800,0.11163,0.19715,rl
SeasonalForestSpring,001447_lcam_front_lidar.ply,0.10002,799,0.09459,0.12024,0.15001,500,0.02851,0.17204,0.25,200,0.01177,0.23068,0.2,800,0.12279,0.20512,0.2,800,0.10936,0.20014,rl
SeasonalForestSpring,001448_lcam_front_lidar.ply,0.10002,799,0.09733,0.1278,0.15001,500,0.02997,0.1481,0.25,200,0.0196,0.35207,0.2,800,0.11426,0.17311,0.2,800,0.11987,0.2002,rl_v2_reward
SeasonalForestSpring,001449_lcam_front_lidar.ply,0.10002,799,0.07747,0.10849,0.15001,500,0.0219,0.1359,0.25,200,0.00928,0.18579,0.2,800,0.12374,0.19814,0.2,800,0.10543,0.19205,rl
SeasonalForestSpring,001450_lcam_front_lidar.ply,0.10002,799,0.09112,0.11133,0.15001,500,0.02885,0.16313,0.25,200,0.00406,0.32613,0.2,800,0.11593,0.21077,0.2,800,0.11228,0.20044,rl
SeasonalForestSpring,001451_lcam_front_lidar.ply,0.10002,799,0.08459,0.12672,0.15001,500,0.02946,0.17191,0.25,200,0.01004,0.15353,0.2,800,0.11191,0.19911,0.2,800,0.11307,0.20123,rl_v2_reward
SeasonalForestSpring,001452_lcam_front_lidar.ply,0.10002,799,0.11611,0.12583,0.15001,500,0.02241,0.13857,0.25,200,0.01266,0.32866,0.2,800,0.11315,0.22084,0.2,800,0.11819,0.22174,rl_v2_reward
SeasonalForestSpring,001453_lcam_front_lidar.ply,0.10002,799,0.07223,0.10911,0.15001,500,0.02447,0.15766,0.25,200,0.01103,0.17428,0.2,800,0.11013,0.1991,0.2,800,0.11719,0.22767,rl_v2_reward
SeasonalForestSpring,001454_lcam_front_lidar.ply,0.10002,799,0.10738,0.11575,0.15001,500,0.02332,0.15676,0.25,200,0.01046,0.12807,0.2,800,0.12473,0.20845,0.2,800,0.11585,0.19386,rl
SeasonalForestSpring,001455_lcam_front_lidar.ply,0.10002,799,0.09453,0.11569,0.15001,500,0.02299,0.15856,0.25,200,0.01183,0.327,0.2,800,0.1163,0.1875,0.2,800,0.11763,0.2141,rl_v2_reward
SeasonalForestSpring,001456_lcam_front_lidar.ply,0.10002,799,0.08048,0.11404,0.15001,500,0.02185,0.13612,0.25,200,0.0132,0.29551,0.2,800,0.10957,0.19731,0.2,800,0.10537,0.18875,rl
SeasonalForestSpring,001457_lcam_front_lidar.ply,0.10002,799,0.09632,0.11438,0.15001,500,0.02448,0.14186,0.25,200,0.01321,0.15104,0.2,800,0.10581,0.19382,0.2,800,0.11431,0.21149,rl_v2_reward
SeasonalForestSpring,001458_lcam_front_lidar.ply,0.10002,799,0.08294,0.10494,0.15001,500,0.02716,0.14261,0.25,200,0.0216,0.2772,0.2,800,0.11278,0.20634,0.2,800,0.11376,0.2114,rl_v2_reward
SeasonalForestSpring,001459_lcam_front_lidar.ply,0.10002,799,0.08091,0.10093,0.15001,500,0.02633,0.13731,0.25,200,0.01016,0.34235,0.2,800,0.11573,0.23542,0.2,800,0.09613,0.17286,rl
SeasonalForestSpring,001460_lcam_front_lidar.ply,0.10002,799,0.10261,0.1247,0.15001,500,0.02692,0.13859,0.25,200,0.02392,0.27376,0.2,800,0.10281,0.17826,0.2,800,0.11204,0.19737,rl_v2_reward
SeasonalForestSpring,001461_lcam_front_lidar.ply,0.10002,799,0.09984,0.10799,0.15001,500,0.02784,0.14178,0.25,200,0.0108,0.25073,0.2,800,0.11741,0.20649,0.2,800,0.11194,0.19324,rl
SeasonalForestSpring,001462_lcam_front_lidar.ply,0.10002,799,0.07414,0.10502,0.15001,500,0.02869,0.14484,0.25,200,0.01003,0.2555,0.2,800,0.12382,0.20573,0.2,800,0.11027,0.22965,rl
SeasonalForestSpring,001463_lcam_front_lidar.ply,0.10002,799,0.06022,0.12363,0.15001,500,0.02748,0.14396,0.25,200,0.00778,0.19356,0.2,800,0.12297,0.21269,0.2,800,0.11624,0.19565,rl
SeasonalForestSpring,001464_lcam_front_lidar.ply,0.10002,799,0.0814,0.11389,0.15001,500,0.03113,0.15615,0.25,200,0.00924,0.31532,0.2,800,0.12347,0.20794,0.2,800,0.12301,0.208,rl
SeasonalForestSpring,001465_lcam_front_lidar.ply,0.10002,799,0.07003,0.10532,0.15001,500,0.02677,0.13976,0.25,200,0.00731,0.26962,0.2,800,0.1175,0.1997,0.2,800,0.11647,0.19268,rl
SeasonalForestSpring,001466_lcam_front_lidar.ply,0.10002,799,0.06325,0.10964,0.15001,500,0.02905,0.14928,0.25,200,0.01171,0.35089,0.2,800,0.11838,0.23554,0.2,800,0.12134,0.20974,rl_v2_reward
SeasonalForestSpring,001467_lcam_front_lidar.ply,0.10002,799,0.07136,0.11728,0.15001,500,0.02732,0.16377,0.25,200,0.0186,0.27812,0.2,800,0.12472,0.21187,0.2,800,0.11803,0.19381,rl
SeasonalForestSpring,001468_lcam_front_lidar.ply,0.10002,799,0.08051,0.11498,0.15001,500,0.02282,0.13226,0.25,200,0.0077,0.30584,0.2,800,0.12516,0.21278,0.2,800,0.12118,0.20286,rl
SeasonalForestSpring,001469_lcam_front_lidar.ply,0.10002,799,0.07317,0.12143,0.15001,500,0.02747,0.16914,0.25,200,0.00821,0.11006,0.2,800,0.11975,0.18786,0.2,800,0.12104,0.19017,rl_v2_reward
SeasonalForestSpring,001470_lcam_front_lidar.ply,0.10002,799,0.0524,0.10603,0.15001,500,0.023,0.15172,0.25,200,0.00817,0.16246,0.2,800,0.12003,0.19731,0.2,800,0.12328,0.20566,rl_v2_reward
SeasonalForestSpring,001471_lcam_front_lidar.ply,0.10002,799,0.05791,0.10818,0.15001,500,0.02046,0.13405,0.25,200,0.01226,0.30516,0.2,800,0.13033,0.21795,0.2,800,0.12714,0.20109,rl
SeasonalForestSpring,001472_lcam_front_lidar.ply,0.10002,799,0.05189,0.11828,0.15001,500,0.01935,0.14921,0.25,200,0.02196,0.18141,0.2,800,0.12615,0.20507,0.2,800,0.13329,0.20711,rl_v2_reward
SeasonalForestSpring,001473_lcam_front_lidar.ply,0.10002,799,0.036,0.11485,0.15001,500,0.19604,0.18267,0.25,200,0.00855,0.13254,0.2,800,0.11927,0.19025,0.2,800,0.11842,0.18816,standard
SeasonalForestSpring,001474_lcam_front_lidar.ply,0.10002,799,0.04701,0.10778,0.15001,500,0.01848,0.13624,0.25,200,0.0255,0.21026,0.2,800,0.12407,0.19783,0.2,800,0.12559,0.21731,rl_v2_reward
SeasonalForestSpring,001475_lcam_front_lidar.ply,0.10002,799,0.03271,0.0899,0.15001,500,0.18652,0.17514,0.25,200,0.02631,0.28605,0.2,800,0.12516,0.20953,0.2,800,0.1221,0.20136,standard
SeasonalForestSpring,001476_lcam_front_lidar.ply,0.10002,799,0.03212,0.07855,0.15001,500,0.19288,0.17549,0.25,200,0.01102,0.18547,0.2,800,0.12544,0.19181,0.2,800,0.12028,0.20721,standard
SeasonalForestSpring,001477_lcam_front_lidar.ply,0.10002,799,0.03231,0.09348,0.15001,500,0.18266,0.17349,0.25,200,0.02333,0.24289,0.2,800,0.12607,0.20997,0.2,800,0.1173,0.22188,standard
SeasonalForestSpring,001478_lcam_front_lidar.ply,0.10002,799,0.03095,0.08681,0.15001,500,0.18091,0.17774,0.25,200,0.00833,0.29157,0.2,800,0.12643,0.20443,0.2,800,0.12577,0.20075,standard
SeasonalForestSpring,001479_lcam_front_lidar.ply,0.10002,799,0.03745,0.07493,0.15001,500,0.18237,0.17743,0.25,200,0.01059,0.21031,0.2,800,0.1209,0.20024,0.2,800,0.12555,0.20756,standard
SeasonalForestSpring,001480_lcam_front_lidar.ply,0.10002,799,0.03613,0.07912,0.15001,500,0.01269,0.16625,0.25,200,0.0094,0.25544,0.2,800,0.11882,0.20029,0.2,800,0.12336,0.20033,rl_v2_reward
SeasonalForestSpring,001481_lcam_front_lidar.ply,0.10002,799,0.00401,0.0617,0.15001,500,0.01387,0.15292,0.25,200,0.00831,0.32419,0.2,800,0.12706,0.20009,0.2,800,0.13319,0.20906,rl_v2_reward
SeasonalForestSpring,001482_lcam_front_lidar.ply,0.10002,799,0.00525,0.13355,0.15001,500,0.01221,0.12412,0.25,200,0.01248,0.21235,0.2,800,0.10639,0.20757,0.2,800,0.10773,0.18705,rl_v2_reward
SeasonalForestSpring,001483_lcam_front_lidar.ply,0.10002,799,0.00262,0.0506,0.15001,500,0.01193,0.17762,0.25,200,0.00554,0.31821,0.2,800,0.10295,0.20475,0.2,800,0.10517,0.20384,rl_v2_reward
SeasonalForestSpring,001484_lcam_front_lidar.ply,0.10002,799,0.00256,0.05438,0.15001,500,0.00497,0.11134,0.25,200,0.01198,0.21965,0.2,800,0.11422,0.22437,0.2,800,0.10873,0.20805,rl
SeasonalForestSpring,001485_lcam_front_lidar.ply,0.10002,799,0.0,0.0,0.15001,500,0.00667,0.1827,0.25,200,0.00647,0.27786,0.2,800,0.11464,0.20989,0.2,800,0.11536,0.19926,rl_v2_reward
SeasonalForestSpring,001486_lcam_front_lidar.ply,0.10002,799,0.00263,0.09634,0.15001,500,0.01259,0.13148,0.25,200,0.00567,0.23595,0.2,800,0.11992,0.20112,0.2,800,0.12166,0.21013,rl_v2_reward
SeasonalForestSpring,001487_lcam_front_lidar.ply,0.10002,799,0.01614,0.08028,0.15001,500,0.00474,0.04926,0.25,200,0.01135,0.24324,0.2,800,0.11693,0.19433,0.2,800,0.12365,0.2089,rl_v2_reward
SeasonalForestSpring,001488_lcam_front_lidar.ply,0.10002,799,0.1219,0.05724,0.15001,500,0.00506,0.14971,0.25,200,0.0107,0.22462,0.2,800,0.12428,0.20165,0.2,800,0.12771,0.22508,rl_v2_reward
SeasonalForestSpring,001489_lcam_front_lidar.ply,0.10002,799,0.02948,0.02452,0.15001,500,0.00267,0.1785,0.25,200,0.00489,0.29939,0.2,800,0.12875,0.2064,0.2,800,0.12264,0.19074,rl
SeasonalForestSpring,001490_lcam_front_lidar.ply,0.10002,799,0.00173,0.07536,0.15001,500,0.00189,0.15787,0.25,200,0.00611,0.1552,0.2,800,0.12985,0.21749,0.2,800,0.12949,0.2167,rl
SeasonalForestSpring,001491_lcam_front_lidar.ply,0.10002,799,0.00087,0.0005,0.15001,500,0.00247,0.00292,0.25,200,0.01451,0.17802,0.2,800,0.12765,0.21341,0.2,800,0.12869,0.21548,rl_v2_reward
SeasonalForestSpring,001492_lcam_front_lidar.ply,0.10002,799,0.00283,0.05996,0.15001,500,0.00489,0.17402,0.25,200,0.00551,0.12616,0.2,800,0.13231,0.20177,0.2,800,0.13398,0.20656,rl_v2_reward
SeasonalForestSpring,001493_lcam_front_lidar.ply,0.10002,799,0.0,0.0,0.15001,500,0.00302,0.1145,0.25,200,0.00627,0.25012,0.2,800,0.12278,0.20271,0.2,800,0.09166,0.19406,rl
SeasonalForestSpring,001494_lcam_front_lidar.ply,0.10002,799,0.0,0.0,0.15001,500,0.00239,0.0977,0.25,200,0.00812,0.22862,0.2,800,0.10867,0.21512,0.2,800,0.13253,0.22471,rl_v2_reward
SeasonalForestSpring,001495_lcam_front_lidar.ply,0.10002,799,0.0,0.0,0.15001,500,0.02535,0.0847,0.25,200,0.00956,0.312,0.2,800,0.13793,0.22641,0.2,800,0.13561,0.22046,rl
SeasonalForestSpring,001496_lcam_front_lidar.ply,0.10002,799,0.0,0.0,0.15001,500,0.00218,0.12083,0.25,200,0.00818,0.29968,0.2,800,0.1224,0.20658,0.2,800,0.12516,0.21323,rl_v2_reward
SeasonalForestSpring,001497_lcam_front_lidar.ply,0.10002,799,0.0,0.0,0.15001,500,0.0033,0.15891,0.25,200,0.00877,0.18555,0.2,800,0.13145,0.24677,0.2,800,0.1012,0.18955,rl
SeasonalForestSpring,001498_lcam_front_lidar.ply,0.10002,799,0.07945,0.11459,0.15001,500,0.0129,0.15237,0.25,200,0.00527,0.29563,0.2,800,0.12604,0.20264,0.2,800,0.12247,0.19783,rl
SeasonalForestSpring,001499_lcam_front_lidar.ply,0.10002,799,0.07699,0.09587,0.15001,500,0.00256,0.07881,0.25,200,0.00047,0.04107,0.2,800,0.12611,0.23374,0.2,800,0.11362,0.20125,rl
SeasonalForestSpring,001500_lcam_front_lidar.ply,0.10002,799,0.0,0.0,0.15001,500,0.00368,0.19892,0.25,200,0.00818,0.27336,0.2,800,0.12567,0.23721,0.2,800,0.11152,0.20927,rl
SeasonalForestSpring,001501_lcam_front_lidar.ply,0.10002,799,0.07849,0.1078,0.15001,500,0.00204,0.13025,0.25,200,0.00983,0.26917,0.2,800,0.11005,0.21215,0.2,800,0.12236,0.24328,rl_v2_reward
SeasonalForestSpring,001502_lcam_front_lidar.ply,0.10002,799,0.0757,0.10532,0.15001,500,0.00956,0.14792,0.25,200,0.00698,0.27751,0.2,800,0.11402,0.21183,0.2,800,0.12684,0.23277,rl_v2_reward
SeasonalForestSpring,001503_lcam_front_lidar.ply,0.10002,799,0.07919,0.09265,0.15001,500,0.02129,0.10303,0.25,200,0.01691,0.33731,0.2,800,0.12347,0.21515,0.2,800,0.1281,0.22172,rl_v2_reward
SeasonalForestSpring,001504_lcam_front_lidar.ply,0.10002,799,0.07679,0.11465,0.15001,500,0.00657,0.20043,0.25,200,0.01593,0.35169,0.2,800,0.125,0.23449,0.2,800,0.12554,0.23905,rl_v2_reward
SeasonalForestSpring,001505_lcam_front_lidar.ply,0.10002,799,0.00323,0.1257,0.15001,500,0.00717,0.16511,0.25,200,0.01908,0.23105,0.2,800,0.12538,0.2213,0.2,800,0.12644,0.2208,rl_v2_reward
SeasonalForestSpring,001506_lcam_front_lidar.ply,0.10002,799,0.00359,0.10762,0.15001,500,0.07332,0.13774,0.25,200,0.00899,0.26224,0.2,800,0.12799,0.21552,0.2,800,0.12384,0.21327,rl
SeasonalForestSpring,001507_lcam_front_lidar.ply,0.10002,799,0.04576,0.10352,0.15001,500,0.06743,0.13748,0.25,200,0.01842,0.27378,0.2,800,0.12721,0.21977,0.2,800,0.12606,0.22276,rl
SeasonalForestSpring,001508_lcam_front_lidar.ply,0.10002,799,0.08417,0.12359,0.15001,500,0.05802,0.14059,0.25,200,0.02259,0.25701,0.2,800,0.13282,0.24414,0.2,800,0.13046,0.23884,rl
SeasonalForestSpring,001509_lcam_front_lidar.ply,0.10002,799,0.00376,0.11561,0.15001,500,0.06627,0.15802,0.25,200,0.03267,0.30885,0.2,800,0.11317,0.21565,0.2,800,0.1175,0.22465,rl_v2_reward
SeasonalForestSpring,001510_lcam_front_lidar.ply,0.10002,799,0.01525,0.0708,0.15001,500,0.06076,0.15013,0.25,200,0.00443,0.32663,0.2,800,0.10436,0.20617,0.2,800,0.1153,0.2247,rl_v2_reward
SeasonalForestSpring,001511_lcam_front_lidar.ply,0.10002,799,0.08451,0.11401,0.15001,500,0.06009,0.15231,0.25,200,0.01558,0.36938,0.2,800,0.12384,0.21472,0.2,800,0.12936,0.23277,rl_v2_reward
SeasonalForestSpring,001512_lcam_front_lidar.ply,0.10002,799,0.0937,0.12774,0.15001,500,0.05677,0.15669,0.25,200,0.01774,0.27124,0.2,800,0.12036,0.21526,0.2,800,0.11005,0.19268,rl
SeasonalForestSpring,001513_lcam_front_lidar.ply,0.10002,799,0.08931,0.11372,0.15001,500,0.05612,0.14326,0.25,200,0.01186,0.19255,0.2,800,0.12018,0.21418,0.2,800,0.11775,0.21554,rl
SeasonalForestSpring,001514_lcam_front_lidar.ply,0.10002,799,0.08956,0.12432,0.15001,500,0.00535,0.12443,0.25,200,0.0116,0.30858,0.2,800,0.11743,0.21408,0.2,800,0.11743,0.21228,rl
SeasonalForestSpring,001515_lcam_front_lidar.ply,0.10002,799,0.08533,0.11358,0.15001,500,0.00404,0.09592,0.25,200,0.0101,0.20956,0.2,800,0.12896,0.22982,0.2,800,0.12953,0.23124,rl_v2_reward
SeasonalForestSpring,001516_lcam_front_lidar.ply,0.10002,799,0.06443,0.11866,0.15001,500,0.04285,0.1606,0.25,200,0.01417,0.33102,0.2,800,0.12252,0.22212,0.2,800,0.12025,0.21869,rl
SeasonalForestSpring,001517_lcam_front_lidar.ply,0.10002,799,0.02898,0.10857,0.15001,500,0.01457,0.17755,0.25,200,0.00683,0.22742,0.2,800,0.12724,0.22317,0.2,800,0.12315,0.21527,rl
SeasonalForestSpring,001518_lcam_front_lidar.ply,0.10002,799,0.07101,0.113,0.15001,500,0.03703,0.15859,0.25,200,0.01274,0.29828,0.2,800,0.1227,0.22131,0.2,800,0.12308,0.21544,rl_v2_reward
SeasonalForestSpring,001519_lcam_front_lidar.ply,0.10002,799,0.10368,0.11657,0.15001,500,0.0343,0.14873,0.25,200,0.01002,0.19972,0.2,800,0.12685,0.21957,0.2,800,0.12574,0.2125,rl
SeasonalForestSpring,001520_lcam_front_lidar.ply,0.10002,799,0.07498,0.11298,0.15001,500,0.17379,0.17604,0.25,200,0.01221,0.33867,0.2,800,0.12839,0.21957,0.2,800,0.12795,0.21763,standard
SeasonalForestSpring,001521_lcam_front_lidar.ply,0.10002,799,0.06353,0.10845,0.15001,500,0.17073,0.18481,0.25,200,0.01858,0.3051,0.2,800,0.12848,0.22104,0.2,800,0.10803,0.21474,standard
SeasonalForestSpring,001522_lcam_front_lidar.ply,0.10002,799,0.07084,0.11252,0.15001,500,0.03246,0.1436,0.25,200,0.0105,0.17776,0.2,800,0.12598,0.22807,0.2,800,0.13038,0.23588,rl_v2_reward
SeasonalForestSpring,001523_lcam_front_lidar.ply,0.10002,799,0.06961,0.1112,0.15001,500,0.01827,0.16015,0.25,200,0.01618,0.25519,0.2,800,0.11154,0.22488,0.2,800,0.1123,0.2076,rl_v2_reward
SeasonalForestSpring,001524_lcam_front_lidar.ply,0.10002,799,0.07138,0.12599,0.15001,500,0.04412,0.15055,0.25,200,0.00782,0.31866,0.2,800,0.10619,0.20078,0.2,800,0.12182,0.21089,rl_v2_reward
SeasonalForestSpring,001525_lcam_front_lidar.ply,0.10002,799,0.06675,0.11969,0.15001,500,0.01241,0.16428,0.25,200,0.00741,0.33047,0.2,800,0.1286,0.21693,0.2,800,0.12435,0.21515,rl
SeasonalForestSpring,001526_lcam_front_lidar.ply,0.10002,799,0.07556,0.13159,0.15001,500,0.00483,0.07665,0.25,200,0.01802,0.28769,0.2,800,0.1358,0.22069,0.2,800,0.1368,0.22535,rl_v2_reward
SeasonalForestSpring,001527_lcam_front_lidar.ply,0.10002,799,0.04174,0.09225,0.15001,500,0.01153,0.17873,0.25,200,0.00677,0.2934,0.2,800,0.11251,0.20165,0.2,800,0.13562,0.21968,rl_v2_reward
SeasonalForestSpring,001528_lcam_front_lidar.ply,0.10002,799,0.06478,0.11382,0.15001,500,0.00942,0.17735,0.25,200,0.0203,0.28507,0.2,800,0.13325,0.22856,0.2,800,0.12937,0.22006,rl
SeasonalForestSpring,001529_lcam_front_lidar.ply,0.10002,799,0.06047,0.12793,0.15001,500,0.01174,0.20655,0.25,200,0.00687,0.25918,0.2,800,0.10951,0.18907,0.2,800,0.12625,0.21689,rl_v2_reward
SeasonalForestSpring,001530_lcam_front_lidar.ply,0.10002,799,0.05811,0.12234,0.15001,500,0.05747,0.18432,0.25,200,0.01029,0.21059,0.2,800,0.12568,0.2139,0.2,800,0.12873,0.21007,rl_v2_reward
SeasonalForestSpring,001531_lcam_front_lidar.ply,0.10002,799,0.07118,0.12411,0.15001,500,0.05076,0.16931,0.25,200,0.00589,0.21339,0.2,800,0.12993,0.21507,0.2,800,0.1222,0.2109,rl
SeasonalForestSpring,001532_lcam_front_lidar.ply,0.10002,799,0.05748,0.13845,0.15001,500,0.06774,0.17136,0.25,200,0.01293,0.29529,0.2,800,0.12851,0.23303,0.2,800,0.12987,0.23061,rl_v2_reward
SeasonalForestSpring,001533_lcam_front_lidar.ply,0.10002,799,0.04192,0.10794,0.15001,500,0.11272,0.17495,0.25,200,0.01568,0.27253,0.2,800,0.12836,0.22431,0.2,800,0.12341,0.21201,rl
SeasonalForestSpring,001534_lcam_front_lidar.ply,0.10002,799,0.0495,0.10819,0.15001,500,0.06177,0.14884,0.25,200,0.00939,0.28272,0.2,800,0.10459,0.22557,0.2,800,0.11231,0.2075,rl_v2_reward
SeasonalForestSpring,001535_lcam_front_lidar.ply,0.10002,799,0.04099,0.08744,0.15001,500,0.09235,0.17806,0.25,200,0.00952,0.3032,0.2,800,0.13519,0.22192,0.2,800,0.1316,0.21862,rl
SeasonalForestSpring,001536_lcam_front_lidar.ply,0.10002,799,0.04184,0.10174,0.15001,500,0.06708,0.15472,0.25,200,0.01267,0.25566,0.2,800,0.11927,0.21688,0.2,800,0.13145,0.22727,rl_v2_reward
SeasonalForestSpring,001537_lcam_front_lidar.ply,0.10002,799,0.04364,0.11065,0.15001,500,0.01981,0.17347,0.25,200,0.01484,0.29983,0.2,800,0.11617,0.23181,0.2,800,0.08687,0.21127,rl
SeasonalForestSpring,001538_lcam_front_lidar.ply,0.10002,799,0.03414,0.10138,0.15001,500,0.09153,0.17521,0.25,200,0.01419,0.2935,0.2,800,0.10697,0.22897,0.2,800,0.05015,0.18589,rl
SeasonalForestSpring,001539_lcam_front_lidar.ply,0.10002,799,0.0374,0.11747,0.15001,500,0.07108,0.16646,0.25,200,0.00797,0.21284,0.2,800,0.08773,0.21608,0.2,800,0.08814,0.21773,rl_v2_reward
SeasonalForestSpring,001540_lcam_front_lidar.ply,0.10002,799,0.03535,0.10654,0.15001,500,0.1021,0.17569,0.25,200,0.0294,0.19772,0.2,800,0.11019,0.22595,0.2,800,0.10862,0.22935,rl
SeasonalForestSpring,001541_lcam_front_lidar.ply,0.10002,799,0.0466,0.10629,0.15001,500,0.10087,0.16322,0.25,200,0.00822,0.22876,0.2,800,0.07267,0.1909,0.2,800,0.06935,0.17764,standard
SeasonalForestSpring,001542_lcam_front_lidar.ply,0.10002,799,0.04209,0.10056,0.15001,500,0.10631,0.16371,0.25,200,0.01042,0.155,0.2,800,0.09513,0.21835,0.2,800,0.10733,0.22059,rl_v2_reward
SeasonalForestSpring,001543_lcam_front_lidar.ply,0.10002,799,0.04067,0.10273,0.15001,500,0.10798,0.16338,0.25,200,0.0106,0.25725,0.2,800,0.09968,0.20289,0.2,800,0.08569,0.20863,standard
SeasonalForestSpring,001544_lcam_front_lidar.ply,0.10002,799,0.04735,0.10546,0.15001,500,0.12178,0.16621,0.25,200,0.00859,0.27425,0.2,800,0.09567,0.20474,0.2,800,0.07303,0.21988,standard
SeasonalForestSpring,001545_lcam_front_lidar.ply,0.10002,799,0.06255,0.11233,0.15001,500,0.12905,0.16031,0.25,200,0.0101,0.19391,0.2,800,0.09724,0.20023,0.2,800,0.09595,0.19803,standard
SeasonalForestSpring,001546_lcam_front_lidar.ply,0.10002,799,0.05936,0.09401,0.15001,500,0.13198,0.15952,0.25,200,0.00159,0.36339,0.2,800,0.07226,0.19752,0.2,800,0.0728,0.19951,standard
SeasonalForestSpring,001547_lcam_front_lidar.ply,0.10002,799,0.0599,0.11107,0.15001,500,0.15745,0.16406,0.25,200,0.01105,0.21716,0.2,800,0.07208,0.20668,0.2,800,0.07262,0.21299,standard
SeasonalForestSpring,001548_lcam_front_lidar.ply,0.10002,799,0.06748,0.1062,0.15001,500,0.17653,0.16667,0.25,200,0.00062,0.24396,0.2,800,0.04879,0.17905,0.2,800,0.05988,0.1957,standard
SeasonalForestSpring,001549_lcam_front_lidar.ply,0.10002,799,0.07269,0.11247,0.15001,500,0.16134,0.14501,0.25,200,0.01122,0.21494,0.2,800,0.05521,0.17468,0.2,800,0.0,0.0,standard
SeasonalForestSpring,001550_lcam_front_lidar.ply,0.10002,799,0.07434,0.1169,0.15001,500,0.1707,0.14917,0.25,200,0.00682,0.17302,0.2,800,0.0,0.0,0.2,800,0.04836,0.15944,standard
SeasonalForestSpring,001551_lcam_front_lidar.ply,0.10002,799,0.04278,0.09078,0.15001,500,0.16525,0.13907,0.25,200,0.01596,0.29579,0.2,800,0.0,0.0,0.2,800,0.04665,0.15611,standard
SeasonalForestSpring,001552_lcam_front_lidar.ply,0.10002,799,0.06239,0.07635,0.15001,500,0.20142,0.15922,0.25,200,0.00422,0.28817,0.2,800,0.07354,0.17948,0.2,800,0.0,0.0,standard
SeasonalForestSpring,001553_lcam_front_lidar.ply,0.10002,799,0.14298,0.09926,0.15001,500,0.23357,0.16123,0.25,200,0.01507,0.27231,0.2,800,0.0,0.0,0.2,800,0.0,0.0,standard
SeasonalForestSpring,001554_lcam_front_lidar.ply,0.10002,799,0.12212,0.09429,0.15001,500,0.20424,0.14183,0.25,200,0.00658,0.17255,0.2,800,0.0,0.0,0.2,800,0.0,0.0,standard
SeasonalForestSpring,001555_lcam_front_lidar.ply,0.10002,799,0.18099,0.09112,0.15001,500,0.25136,0.13014,0.25,200,0.02107,0.2725,0.2,800,0.0,0.0,0.2,800,0.0,0.0,standard
SeasonalForestSpring,001556_lcam_front_lidar.ply,0.10002,799,0.23151,0.07906,0.15001,500,0.0175,0.05616,0.25,200,0.01029,0.2439,0.2,800,0.0,0.0,0.2,800,0.0,0.0,strict
SeasonalForestSpring,001557_lcam_front_lidar.ply,0.10002,799,0.01967,0.06624,0.15001,500,0.02662,0.05821,0.25,200,0.00785,0.16542,0.2,800,0.06472,0.21054,0.2,800,0.0,0.0,rl
SeasonalForestSpring,001558_lcam_front_lidar.ply,0.10002,799,0.20909,0.0519,0.15001,500,0.02779,0.05827,0.25,200,0.00866,0.14881,0.2,800,0.0,0.0,0.2,800,0.0,0.0,strict
SeasonalForestSpring,001559_lcam_front_lidar.ply,0.10002,799,0.14866,0.05991,0.15001,500,0.03509,0.05082,0.25,200,0.01051,0.20699,0.2,800,0.0,0.0,0.2,800,0.0,0.0,strict
SeasonalForestSpring,001560_lcam_front_lidar.ply,0.10002,799,0.09154,0.05802,0.15001,500,0.02818,0.05251,0.25,200,0.01421,0.243,0.2,800,0.0,0.0,0.2,800,0.0,0.0,strict
SeasonalForestSpring,001561_lcam_front_lidar.ply,0.10002,799,0.12635,0.0663,0.15001,500,0.03122,0.04628,0.25,200,0.00536,0.23074,0.2,800,0.0,0.0,0.2,800,0.0,0.0,strict
SeasonalForestSpring,001562_lcam_front_lidar.ply,0.10002,799,0.09071,0.07359,0.15001,500,0.02979,0.05332,0.25,200,0.00492,0.24105,0.2,800,0.08226,0.17762,0.2,800,0.07652,0.18302,strict
SeasonalForestSpring,001563_lcam_front_lidar.ply,0.10002,799,0.02217,0.05559,0.15001,500,0.03296,0.05323,0.25,200,0.00605,0.21647,0.2,800,0.07908,0.19305,0.2,800,0.06951,0.18407,rl
SeasonalForestSpring,001564_lcam_front_lidar.ply,0.10002,799,0.097,0.06507,0.15001,500,0.01236,0.06369,0.25,200,0.01239,0.29921,0.2,800,0.0,0.0,0.2,800,0.08716,0.20889,strict
SeasonalForestSpring,001565_lcam_front_lidar.ply,0.10002,799,0.09012,0.06549,0.15001,500,0.02609,0.06356,0.25,200,0.00597,0.09652,0.2,800,0.08839,0.21353,0.2,800,0.0,0.0,strict
SeasonalForestSpring,001566_lcam_front_lidar.ply,0.10002,799,0.06231,0.06607,0.15001,500,0.02668,0.06682,0.25,200,0.00654,0.33831,0.2,800,0.06114,0.17559,0.2,800,0.0852,0.19261,rl_v2_reward
SeasonalForestSpring,001567_lcam_front_lidar.ply,0.10002,799,0.0728,0.05772,0.15001,500,0.01922,0.07686,0.25,200,0.01042,0.18438,0.2,800,0.0637,0.17731,0.2,800,0.03595,0.11075,strict
SeasonalForestSpring,001568_lcam_front_lidar.ply,0.10002,799,0.06563,0.063,0.15001,500,0.01634,0.0793,0.25,200,0.02847,0.30911,0.2,800,0.06371,0.17426,0.2,800,0.06076,0.16594,strict
SeasonalForestSpring,001569_lcam_front_lidar.ply,0.10002,799,0.06108,0.05555,0.15001,500,0.13757,0.1283,0.25,200,0.00714,0.31417,0.2,800,0.07276,0.17656,0.2,800,0.09196,0.18103,standard
SeasonalForestSpring,001570_lcam_front_lidar.ply,0.10002,799,0.05112,0.05573,0.15001,500,0.1312,0.14277,0.25,200,0.00978,0.23852,0.2,800,0.07616,0.18853,0.2,800,0.07567,0.18853,standard
SeasonalForestSpring,001571_lcam_front_lidar.ply,0.10002,799,0.07147,0.05913,0.15001,500,0.1542,0.14556,0.25,200,0.01155,0.23088,0.2,800,0.06622,0.16597,0.2,800,0.06838,0.16749,standard
SeasonalForestSpring,001572_lcam_front_lidar.ply,0.10002,799,0.05485,0.05234,0.15001,500,0.13512,0.14258,0.25,200,0.00669,0.3302,0.2,800,0.07398,0.19779,0.2,800,0.0,0.0,standard
SeasonalForestSpring,001573_lcam_front_lidar.ply,0.10002,799,0.05794,0.06261,0.15001,500,0.13192,0.13882,0.25,200,0.02476,0.30747,0.2,800,0.07132,0.17877,0.2,800,0.07044,0.18113,standard
SeasonalForestSpring,001574_lcam_front_lidar.ply,0.10002,799,0.0474,0.0555,0.15001,500,0.12582,0.14344,0.25,200,0.00693,0.16579,0.2,800,0.08447,0.21019,0.2,800,0.08684,0.21554,standard
SeasonalForestSpring,001575_lcam_front_lidar.ply,0.10002,799,0.04329,0.06598,0.15001,500,0.11956,0.14103,0.25,200,0.01024,0.15965,0.2,800,0.08199,0.19305,0.2,800,0.08365,0.19562,standard
SeasonalForestSpring,001576_lcam_front_lidar.ply,0.10002,799,0.04149,0.05808,0.15001,500,0.02781,0.16753,0.25,200,0.01092,0.21676,0.2,800,0.07115,0.18074,0.2,800,0.08055,0.20461,rl_v2_reward
SeasonalForestSpring,001577_lcam_front_lidar.ply,0.10002,799,0.03514,0.05909,0.15001,500,0.03061,0.1879,0.25,200,0.01011,0.16817,0.2,800,0.09373,0.20052,0.2,800,0.07446,0.18568,rl
SeasonalForestSpring,001578_lcam_front_lidar.ply,0.10002,799,0.04991,0.07403,0.15001,500,0.11936,0.14602,0.25,200,0.03507,0.33637,0.2,800,0.10227,0.20361,0.2,800,0.09505,0.19671,standard
SeasonalForestSpring,001579_lcam_front_lidar.ply,0.10002,799,0.03674,0.08994,0.15001,500,0.03092,0.16871,0.25,200,0.028,0.32025,0.2,800,0.07582,0.17752,0.2,800,0.07272,0.17318,rl
SeasonalForestSpring,001580_lcam_front_lidar.ply,0.10002,799,0.02811,0.05539,0.15001,500,0.09694,0.14016,0.25,200,0.0304,0.31077,0.2,800,0.07906,0.18156,0.2,800,0.07997,0.18046,standard
SeasonalForestSpring,001581_lcam_front_lidar.ply,0.10002,799,0.02842,0.05925,0.15001,500,0.02193,0.15092,0.25,200,0.02229,0.27328,0.2,800,0.07401,0.19491,0.2,800,0.08958,0.21924,rl_v2_reward
SeasonalForestSpring,001582_lcam_front_lidar.ply,0.10002,799,0.02328,0.05232,0.15001,500,0.02974,0.15342,0.25,200,0.00649,0.31201,0.2,800,0.07618,0.18476,0.2,800,0.07475,0.18069,rl
SeasonalForestSpring,001583_lcam_front_lidar.ply,0.10002,799,0.02217,0.04954,0.15001,500,0.03166,0.17984,0.25,200,0.02459,0.30195,0.2,800,0.09929,0.21232,0.2,800,0.09501,0.194,rl
SeasonalForestSpring,001584_lcam_front_lidar.ply,0.10002,799,0.02507,0.07221,0.15001,500,0.03157,0.16243,0.25,200,0.02764,0.30134,0.2,800,0.10517,0.21898,0.2,800,0.09139,0.19563,rl
SeasonalForestSpring,001585_lcam_front_lidar.ply,0.10002,799,0.02861,0.05794,0.15001,500,0.10263,0.16048,0.25,200,0.03127,0.31456,0.2,800,0.10644,0.20579,0.2,800,0.10343,0.19903,rl
SeasonalForestSpring,001586_lcam_front_lidar.ply,0.10002,799,0.02005,0.05539,0.15001,500,0.09781,0.15306,0.25,200,0.01128,0.19218,0.2,800,0.1003,0.20414,0.2,800,0.09914,0.21977,rl
SeasonalForestSpring,001587_lcam_front_lidar.ply,0.10002,799,0.0,0.0,0.15001,500,0.03379,0.16912,0.25,200,0.03013,0.2934,0.2,800,0.08479,0.20625,0.2,800,0.10702,0.21177,rl_v2_reward
SeasonalForestSpring,001588_lcam_front_lidar.ply,0.10002,799,0.02097,0.05856,0.15001,500,0.09778,0.15904,0.25,200,0.01097,0.24833,0.2,800,0.08468,0.21656,0.2,800,0.10338,0.20402,rl_v2_reward
SeasonalForestSpring,001589_lcam_front_lidar.ply,0.10002,799,0.02024,0.05887,0.15001,500,0.03533,0.18528,0.25,200,0.01255,0.24639,0.2,800,0.11236,0.2107,0.2,800,0.11006,0.20091,rl
SeasonalForestSpring,001590_lcam_front_lidar.ply,0.10002,799,0.03693,0.09657,0.15001,500,0.02334,0.12749,0.25,200,0.02516,0.31399,0.2,800,0.10865,0.21653,0.2,800,0.1072,0.21738,rl
SeasonalForestSpring,001591_lcam_front_lidar.ply,0.10002,799,0.0,0.0,0.15001,500,0.02852,0.11906,0.25,200,0.01012,0.12776,0.2,800,0.1068,0.21228,0.2,800,0.10524,0.20506,rl
SeasonalForestSpring,001592_lcam_front_lidar.ply,0.10002,799,0.04355,0.1227,0.15001,500,0.09413,0.15543,0.25,200,0.02927,0.28636,0.2,800,0.1052,0.20218,0.2,800,0.10872,0.21088,rl_v2_reward
SeasonalForestSpring,001593_lcam_front_lidar.ply,0.10002,799,0.04861,0.12252,0.15001,500,0.03215,0.17509,0.25,200,0.01138,0.28405,0.2,800,0.10922,0.24156,0.2,800,0.10482,0.22918,rl
SeasonalForestSpring,001594_lcam_front_lidar.ply,0.10002,799,0.0,0.0,0.15001,500,0.09471,0.15531,0.25,200,0.0319,0.32109,0.2,800,0.0638,0.19457,0.2,800,0.06925,0.22362,standard
SeasonalForestSpring,001595_lcam_front_lidar.ply,0.10002,799,0.0,0.0,0.15001,500,0.08698,0.14785,0.25,200,0.01506,0.24203,0.2,800,0.0714,0.22017,0.2,800,0.07675,0.19691,standard
SeasonalForestSpring,001596_lcam_front_lidar.ply,0.10002,799,0.0,0.0,0.15001,500,0.03496,0.18123,0.25,200,0.00936,0.22929,0.2,800,0.08354,0.20197,0.2,800,0.10446,0.20993,rl_v2_reward
SeasonalForestSpring,001597_lcam_front_lidar.ply,0.10002,799,0.0,0.0,0.15001,500,0.08719,0.15326,0.25,200,0.03113,0.29061,0.2,800,0.04414,0.21084,0.2,800,0.04448,0.19126,standard
SeasonalForestSpring,001598_lcam_front_lidar.ply,0.10002,799,0.0,0.0,0.15001,500,0.09126,0.17473,0.25,200,0.00616,0.31009,0.2,800,0.08595,0.22566,0.2,800,0.06538,0.20076,standard
SeasonalForestSpring,001599_lcam_front_lidar.ply,0.10002,799,0.0,0.0,0.15001,500,0.09556,0.18193,0.25,200,0.00836,0.11248,0.2,800,0.07072,0.18489,0.2,800,0.10246,0.22352,rl_v2_reward
SeasonalForestSpring,001600_lcam_front_lidar.ply,0.10002,799,0.0,0.0,0.15001,500,0.08748,0.1657,0.25,200,0.02961,0.32315,0.2,800,0.11215,0.21619,0.2,800,0.10792,0.21482,rl
SeasonalForestSpring,001601_lcam_front_lidar.ply,0.10002,799,0.0,0.0,0.15001,500,0.02509,0.15378,0.25,200,0.02821,0.30429,0.2,800,0.04659,0.17669,0.2,800,0.04295,0.1507,rl
SeasonalForestSpring,001602_lcam_front_lidar.ply,0.10002,799,0.02976,0.091,0.15001,500,0.02931,0.18627,0.25,200,0.03461,0.32235,0.2,800,0.06201,0.2039,0.2,800,0.06647,0.20449,rl_v2_reward
SeasonalForestSpring,001603_lcam_front_lidar.ply,0.10002,799,0.0,0.0,0.15001,500,0.09533,0.18277,0.25,200,0.00368,0.26711,0.2,800,0.0551,0.1948,0.2,800,0.04751,0.17382,standard
SeasonalForestSpring,001604_lcam_front_lidar.ply,0.10002,799,0.0,0.0,0.15001,500,0.02405,0.13127,0.25,200,0.00202,0.31071,0.2,800,0.04298,0.15849,0.2,800,0.04799,0.17374,rl_v2_reward
SeasonalForestSpring,001605_lcam_front_lidar.ply,0.10002,799,0.0,0.0,0.15001,500,0.08503,0.18021,0.25,200,0.02982,0.30582,0.2,800,0.06017,0.18582,0.2,800,0.05205,0.17578,standard
SeasonalForestSpring,001606_lcam_front_lidar.ply,0.10002,799,0.0487,0.11383,0.15001,500,0.01607,0.10982,0.25,200,0.00252,0.23409,0.2,800,0.05021,0.20815,0.2,800,0.10734,0.22363,rl_v2_reward
SeasonalForestSpring,001607_lcam_front_lidar.ply,0.10002,799,0.04298,0.12064,0.15001,500,0.0229,0.14097,0.25,200,0.01596,0.20646,0.2,800,0.06058,0.17901,0.2,800,0.06004,0.19149,rl
SeasonalForestSpring,001608_lcam_front_lidar.ply,0.10002,799,0.0,0.0,0.15001,500,0.01957,0.15332,0.25,200,0.03184,0.30404,0.2,800,0.05689,0.19778,0.2,800,0.05763,0.19266,rl_v2_reward
SeasonalForestSpring,001609_lcam_front_lidar.ply,0.10002,799,0.0,0.0,0.15001,500,0.0222,0.15195,0.25,200,0.03694,0.28987,0.2,800,0.06064,0.19669,0.2,800,0.06085,0.18917,rl_v2_reward
SeasonalForestSpring,001610_lcam_front_lidar.ply,0.10002,799,0.04764,0.11796,0.15001,500,0.10068,0.16794,0.25,200,0.03274,0.36097,0.2,800,0.08142,0.21213,0.2,800,0.05438,0.18012,standard
SeasonalForestSpring,001611_lcam_front_lidar.ply,0.10002,799,0.03328,0.12157,0.15001,500,0.09873,0.17286,0.25,200,0.03553,0.3109,0.2,800,0.05623,0.18453,0.2,800,0.06001,0.16842,standard
SeasonalForestSpring,001612_lcam_front_lidar.ply,0.10002,799,0.0,0.0,0.15001,500,0.02641,0.1531,0.25,200,0.02231,0.26093,0.2,800,0.05633,0.15882,0.2,800,0.0606,0.17217,rl_v2_reward
SeasonalForestSpring,001613_lcam_front_lidar.ply,0.10002,799,0.05308,0.12599,0.15001,500,0.01943,0.16389,0.25,200,0.01528,0.22238,0.2,800,0.05517,0.19187,0.2,800,0.04477,0.20458,rl
SeasonalForestSpring,001614_lcam_front_lidar.ply,0.10002,799,0.04325,0.11016,0.15001,500,0.08497,0.17707,0.25,200,0.01507,0.18823,0.2,800,0.04843,0.19933,0.2,800,0.06095,0.18259,standard
SeasonalForestSpring,001615_lcam_front_lidar.ply,0.10002,799,0.0,0.0,0.15001,500,0.10027,0.17881,0.25,200,0.035,0.28291,0.2,800,0.04773,0.19434,0.2,800,0.04741,0.19731,standard
SeasonalForestSpring,001616_lcam_front_lidar.ply,0.10002,799,0.0,0.0,0.15001,500,0.09731,0.1765,0.25,200,0.01201,0.23598,0.2,800,0.05247,0.2025,0.2,800,0.06388,0.15612,standard
SeasonalForestSpring,001617_lcam_front_lidar.ply,0.10002,799,0.0,0.0,0.15001,500,0.10164,0.17253,0.25,200,0.03859,0.32924,0.2,800,0.06507,0.16874,0.2,800,0.06448,0.17182,standard
SeasonalForestSpring,001618_lcam_front_lidar.ply,0.10002,799,0.0,0.0,0.15001,500,0.10125,0.16675,0.25,200,0.03358,0.27112,0.2,800,0.06635,0.16455,0.2,800,0.06708,0.17416,standard
SeasonalForestSpring,001619_lcam_front_lidar.ply,0.10002,799,0.0,0.0,0.15001,500,0.10338,0.16645,0.25,200,0.00859,0.24798,0.2,800,0.06076,0.17185,0.2,800,0.06017,0.17961,standard
SeasonalForestSpring,001620_lcam_front_lidar.ply,0.10002,799,0.05147,0.11706,0.15001,500,0.10472,0.17164,0.25,200,0.03503,0.28614,0.2,800,0.06392,0.1651,0.2,800,0.06104,0.18088,standard
SeasonalForestSpring,001621_lcam_front_lidar.ply,0.10002,799,0.06129,0.11796,0.15001,500,0.10844,0.15652,0.25,200,0.04244,0.32517,0.2,800,0.06578,0.16175,0.2,800,0.08942,0.22006,standard
SeasonalForestSpring,001622_lcam_front_lidar.ply,0.10002,799,0.05733,0.12456,0.15001,500,0.10614,0.16592,0.25,200,0.03868,0.317,0.2,800,0.0639,0.15257,0.2,800,0.06954,0.1685,standard
SeasonalForestSpring,001623_lcam_front_lidar.ply,0.10002,799,0.06035,0.11279,0.15001,500,0.096,0.1663,0.25,200,0.00798,0.18124,0.2,800,0.0826,0.18708,0.2,800,0.07643,0.17017,standard
SeasonalForestSpring,001624_lcam_front_lidar.ply,0.10002,799,0.05987,0.11832,0.15001,500,0.12385,0.17687,0.25,200,0.04433,0.30898,0.2,800,0.06465,0.16127,0.2,800,0.06807,0.16671,standard
SeasonalForestSpring,001625_lcam_front_lidar.ply,0.10002,799,0.06511,0.12073,0.15001,500,0.09958,0.16366,0.25,200,0.04311,0.30886,0.2,800,0.08763,0.18556,0.2,800,0.07344,0.17668,standard
SeasonalForestSpring,001626_lcam_front_lidar.ply,0.10002,799,0.05024,0.10489,0.15001,500,0.11543,0.16165,0.25,200,0.04559,0.33474,0.2,800,0.07673,0.16964,0.2,800,0.07423,0.20533,standard
SeasonalForestSpring,001627_lcam_front_lidar.ply,0.10002,799,0.06758,0.1233,0.15001,500,0.12789,0.17234,0.25,200,0.04148,0.27383,0.2,800,0.07567,0.16523,0.2,800,0.10296,0.21613,standard
SeasonalForestSpring,001628_lcam_front_lidar.ply,0.10002,799,0.07012,0.11968,0.15001,500,0.11676,0.1813,0.25,200,0.04586,0.30675,0.2,800,0.0718,0.16204,0.2,800,0.08328,0.1983,standard
SeasonalForestSpring,001629_lcam_front_lidar.ply,0.10002,799,0.07693,0.12554,0.15001,500,0.11771,0.16049,0.25,200,0.04209,0.29866,0.2,800,0.08556,0.19951,0.2,800,0.09685,0.2066,standard
SeasonalForestSpring,001630_lcam_front_lidar.ply,0.10002,799,0.06391,0.12077,0.15001,500,0.11919,0.1682,0.25,200,0.02743,0.25962,0.2,800,0.09737,0.19508,0.2,800,0.0787,0.17948,standard
SeasonalForestSpring,001631_lcam_front_lidar.ply,0.10002,799,0.06603,0.11344,0.15001,500,0.12197,0.16035,0.25,200,0.04375,0.29999,0.2,800,0.07777,0.16632,0.2,800,0.09035,0.18235,standard
SeasonalForestSpring,001632_lcam_front_lidar.ply,0.10002,799,0.0646,0.11676,0.15001,500,0.12242,0.1594,0.25,200,0.0065,0.28657,0.2,800,0.09075,0.19693,0.2,800,0.07348,0.15876,standard
SeasonalForestSpring,001633_lcam_front_lidar.ply,0.10002,799,0.06341,0.11591,0.15001,500,0.117,0.16456,0.25,200,0.04226,0.34622,0.2,800,0.09314,0.20212,0.2,800,0.10196,0.19955,standard
SeasonalForestSpring,001634_lcam_front_lidar.ply,0.10002,799,0.06923,0.11315,0.15001,500,0.01149,0.06882,0.25,200,0.05056,0.31116,0.2,800,0.10244,0.18662,0.2,800,0.11295,0.21782,rl_v2_reward
SeasonalForestSpring,001635_lcam_front_lidar.ply,0.10002,799,0.06383,0.10323,0.15001,500,0.10602,0.16383,0.25,200,0.0472,0.3057,0.2,800,0.08598,0.16382,0.2,800,0.09648,0.19932,standard
SeasonalForestSpring,001636_lcam_front_lidar.ply,0.10002,799,0.0524,0.09773,0.15001,500,0.13312,0.1786,0.25,200,0.04476,0.3237,0.2,800,0.08622,0.16723,0.2,800,0.07117,0.18616,standard
SeasonalForestSpring,001637_lcam_front_lidar.ply,0.10002,799,0.06641,0.11673,0.15001,500,0.01116,0.0644,0.25,200,0.04414,0.30847,0.2,800,0.0988,0.17616,0.2,800,0.088,0.17647,rl
SeasonalForestSpring,001638_lcam_front_lidar.ply,0.10002,799,0.07444,0.12137,0.15001,500,0.13139,0.16419,0.25,200,0.02137,0.29737,0.2,800,0.08951,0.17796,0.2,800,0.10387,0.21311,standard
SeasonalForestSpring,001639_lcam_front_lidar.ply,0.10002,799,0.06752,0.12366,0.15001,500,0.01219,0.06312,0.25,200,0.00376,0.32402,0.2,800,0.07967,0.15834,0.2,800,0.07489,0.18266,rl
SeasonalForestSpring,001640_lcam_front_lidar.ply,0.10002,799,0.06146,0.10872,0.15001,500,0.00976,0.13555,0.25,200,0.02283,0.28872,0.2,800,0.08227,0.18066,0.2,800,0.08755,0.17917,rl_v2_reward
SeasonalForestSpring,001641_lcam_front_lidar.ply,0.10002,799,0.04261,0.09377,0.15001,500,0.13499,0.17234,0.25,200,0.01442,0.38951,0.2,800,0.05646,0.13995,0.2,800,0.08719,0.19579,standard
SeasonalForestSpring,001642_lcam_front_lidar.ply,0.10002,799,0.0767,0.11384,0.15001,500,0.01372,0.0633,0.25,200,0.01581,0.27744,0.2,800,0.07293,0.18775,0.2,800,0.07249,0.18578,strict
SeasonalForestSpring,001643_lcam_front_lidar.ply,0.10002,799,0.08584,0.11581,0.15001,500,0.02074,0.18413,0.25,200,0.02192,0.27522,0.2,800,0.0687,0.17541,0.2,800,0.07109,0.18779,strict
SeasonalForestSpring,001644_lcam_front_lidar.ply,0.10002,799,0.07715,0.11694,0.15001,500,0.01417,0.06167,0.25,200,0.00459,0.32488,0.2,800,0.06527,0.19309,0.2,800,0.06455,0.19153,strict
SeasonalForestSpring,001645_lcam_front_lidar.ply,0.10002,799,0.07921,0.11786,0.15001,500,0.01348,0.06132,0.25,200,0.04364,0.28752,0.2,800,0.06481,0.18314,0.2,800,0.06354,0.19066,strict
SeasonalForestSpring,001646_lcam_front_lidar.ply,0.10002,799,0.05788,0.12416,0.15001,500,0.02159,0.20292,0.25,200,0.04328,0.28953,0.2,800,0.06703,0.18732,0.2,800,0.0778,0.18783,rl_v2_reward
SeasonalForestSpring,001647_lcam_front_lidar.ply,0.10002,799,0.07838,0.11728,0.15001,500,0.01648,0.05533,0.25,200,0.00235,0.30741,0.2,800,0.06497,0.18287,0.2,800,0.0655,0.18492,strict
SeasonalForestSpring,001648_lcam_front_lidar.ply,0.10002,799,0.09753,0.12283,0.15001,500,0.02473,0.19272,0.25,200,0.01027,0.28199,0.2,800,0.0671,0.19447,0.2,800,0.06272,0.17294,strict
SeasonalForestSpring,001649_lcam_front_lidar.ply,0.10002,799,0.08346,0.11339,0.15001,500,0.0229,0.20535,0.25,200,0.01543,0.31465,0.2,800,0.06109,0.19073,0.2,800,0.06196,0.18533,strict
SeasonalForestSpring,001650_lcam_front_lidar.ply,0.10002,799,0.09717,0.11301,0.15001,500,0.01765,0.05534,0.25,200,0.00073,0.09417,0.2,800,0.05935,0.17158,0.2,800,0.05983,0.17219,strict
SeasonalForestSpring,001651_lcam_front_lidar.ply,0.10002,799,0.0992,0.11963,0.15001,500,0.02639,0.18934,0.25,200,0.00195,0.0246,0.2,800,0.0603,0.16898,0.2,800,0.05999,0.17368,strict
SeasonalForestSpring,001652_lcam_front_lidar.ply,0.10002,799,0.0911,0.12046,0.15001,500,0.0331,0.18515,0.25,200,0.00911,0.22197,0.2,800,0.06158,0.17019,0.2,800,0.06203,0.17913,strict
SeasonalForestSpring,001653_lcam_front_lidar.ply,0.10002,799,0.10585,0.1184,0.15001,500,0.01967,0.19264,0.25,200,0.01856,0.25862,0.2,800,0.05963,0.17624,0.2,800,0.05981,0.17679,strict
SeasonalForestSpring,001654_lcam_front_lidar.ply,0.10002,799,0.10345,0.11128,0.15001,500,0.03426,0.18954,0.25,200,0.01998,0.27241,0.2,800,0.06056,0.16815,0.2,800,0.05781,0.15799,strict
SeasonalForestSpring,001655_lcam_front_lidar.ply,0.10002,799,0.09773,0.11802,0.15001,500,0.01782,0.05734,0.25,200,0.00184,0.01071,0.2,800,0.05867,0.1726,0.2,800,0.05921,0.17116,strict
SeasonalForestSpring,001656_lcam_front_lidar.ply,0.10002,799,0.11371,0.12503,0.15001,500,0.03594,0.19975,0.25,200,0.00091,0.00384,0.2,800,0.06174,0.18207,0.2,800,0.06168,0.17989,strict
SeasonalForestSpring,001657_lcam_front_lidar.ply,0.10002,799,0.10612,0.11626,0.15001,500,0.03467,0.18722,0.25,200,0.00115,0.33532,0.2,800,0.06273,0.18501,0.2,800,0.06414,0.19565,strict
SeasonalForestSpring,001658_lcam_front_lidar.ply,0.10002,799,0.10518,0.10772,0.15001,500,0.02104,0.05389,0.25,200,0.01853,0.20511,0.2,800,0.06323,0.17943,0.2,800,0.06455,0.18205,strict
SeasonalForestSpring,001659_lcam_front_lidar.ply,0.10002,799,0.1148,0.1081,0.15001,500,0.03896,0.19742,0.25,200,0.05659,0.2997,0.2,800,0.06254,0.17723,0.2,800,0.0635,0.179,strict
SeasonalForestSpring,001660_lcam_front_lidar.ply,0.10002,799,0.12946,0.11833,0.15001,500,0.04114,0.2032,0.25,200,0.00207,0.02443,0.2,800,0.06642,0.18094,0.2,800,0.0653,0.17504,strict
SeasonalForestSpring,001661_lcam_front_lidar.ply,0.10002,799,0.12463,0.12469,0.15001,500,0.01815,0.05479,0.25,200,0.05965,0.30056,0.2,800,0.11004,0.17503,0.2,800,0.10963,0.17431,strict
SeasonalForestSpring,001662_lcam_front_lidar.ply,0.10002,799,0.12576,0.11497,0.15001,500,0.0212,0.05582,0.25,200,0.28707,0.25695,0.2,800,0.09623,0.14899,0.2,800,0.10667,0.16894,loose
SeasonalForestSpring,001663_lcam_front_lidar.ply,0.10002,799,0.13475,0.11948,0.15001,500,0.04411,0.2232,0.25,200,0.0136,0.13355,0.2,800,0.10529,0.17157,0.2,800,0.10088,0.16351,strict
SeasonalForestSpring,001664_lcam_front_lidar.ply,0.10002,799,0.12988,0.11699,0.15001,500,0.02464,0.06172,0.25,200,0.06204,0.2865,0.2,800,0.11001,0.14577,0.2,800,0.11061,0.15279,strict
SeasonalForestSpring,001665_lcam_front_lidar.ply,0.10002,799,0.0254,0.0651,0.15001,500,0.02012,0.04664,0.25,200,0.00399,0.1617,0.2,800,0.11375,0.1566,0.2,800,0.11559,0.1637,rl_v2_reward
SeasonalForestSpring,001666_lcam_front_lidar.ply,0.10002,799,0.14447,0.1188,0.15001,500,0.03598,0.19209,0.25,200,0.00056,0.00154,0.2,800,0.10893,0.15498,0.2,800,0.11041,0.15157,strict
SeasonalForestSpring,001667_lcam_front_lidar.ply,0.10002,799,0.14557,0.12076,0.15001,500,0.03004,0.07965,0.25,200,0.00255,0.19927,0.2,800,0.10539,0.14806,0.2,800,0.10529,0.14908,strict
SeasonalForestSpring,001668_lcam_front_lidar.ply,0.10002,799,0.15021,0.1188,0.15001,500,0.02723,0.06671,0.25,200,0.06758,0.30511,0.2,800,0.05949,0.14694,0.2,800,0.06196,0.14479,strict
SeasonalForestSpring,001669_lcam_front_lidar.ply,0.10002,799,0.13828,0.11205,0.15001,500,0.02628,0.05945,0.25,200,0.06687,0.292,0.2,800,0.11946,0.16349,0.2,800,0.11924,0.16269,strict
SeasonalForestSpring,001670_lcam_front_lidar.ply,0.10002,799,0.14633,0.11796,0.15001,500,0.01796,0.15528,0.25,200,0.07002,0.29517,0.2,800,0.06776,0.14931,0.2,800,0.10907,0.13881,strict
SeasonalForestSpring,001671_lcam_front_lidar.ply,0.10002,799,0.15077,0.11539,0.15001,500,0.02952,0.06388,0.25,200,0.00177,0.22408,0.2,800,0.06505,0.15458,0.2,800,0.0656,0.14269,strict
SeasonalForestSpring,001672_lcam_front_lidar.ply,0.10002,799,0.03028,0.05713,0.15001,500,0.02781,0.17947,0.25,200,0.0628,0.2738,0.2,800,0.06091,0.1439,0.2,800,0.06174,0.14176,loose
SeasonalForestSpring,001673_lcam_front_lidar.ply,0.10002,799,0.03419,0.05093,0.15001,500,0.02985,0.06427,0.25,200,0.00949,0.31296,0.2,800,0.06153,0.14116,0.2,800,0.06252,0.14217,rl_v2_reward
SeasonalForestSpring,001674_lcam_front_lidar.ply,0.10002,799,0.03416,0.06504,0.15001,500,0.03003,0.06288,0.25,200,0.06193,0.27704,0.2,800,0.11757,0.14853,0.2,800,0.1161,0.14559,rl
SeasonalForestSpring,001675_lcam_front_lidar.ply,0.10002,799,0.03232,0.06028,0.15001,500,0.02313,0.17489,0.25,200,0.00191,0.09,0.2,800,0.11632,0.14137,0.2,800,0.11672,0.14126,rl_v2_reward
SeasonalForestSpring,001676_lcam_front_lidar.ply,0.10002,799,0.03968,0.06863,0.15001,500,0.02948,0.05735,0.25,200,0.00148,0.18101,0.2,800,0.06201,0.13485,0.2,800,0.11535,0.14774,rl_v2_reward
SeasonalForestSpring,001677_lcam_front_lidar.ply,0.10002,799,0.02902,0.0533,0.15001,500,0.03304,0.058,0.25,200,0.33703,0.2787,0.2,800,0.05865,0.13671,0.2,800,0.06037,0.13585,loose
SeasonalForestSpring,001678_lcam_front_lidar.ply,0.10002,799,0.02529,0.04919,0.15001,500,0.01893,0.04178,0.25,200,0.00842,0.08974,0.2,800,0.06253,0.12871,0.2,800,0.0644,0.1325,rl_v2_reward
SeasonalForestSpring,001679_lcam_front_lidar.ply,0.10002,799,0.02343,0.0407,0.15001,500,0.18109,0.17809,0.25,200,0.05267,0.28722,0.2,800,0.0621,0.13202,0.2,800,0.06201,0.1326,standard
SeasonalForestSpring,001680_lcam_front_lidar.ply,0.10002,799,0.03441,0.04937,0.15001,500,0.02388,0.17111,0.25,200,0.34347,0.27863,0.2,800,0.06936,0.13833,0.2,800,0.12556,0.13665,loose
SeasonalForestSpring,001681_lcam_front_lidar.ply,0.10002,799,0.10059,0.12305,0.15001,500,0.00195,0.18039,0.25,200,0.07864,0.31111,0.2,800,0.06588,0.13458,0.2,800,0.06424,0.13499,strict
SeasonalForestSpring,001682_lcam_front_lidar.ply,0.10002,799,0.13675,0.12768,0.15001,500,0.03414,0.06627,0.25,200,0.00202,0.1622,0.2,800,0.06586,0.12138,0.2,800,0.06501,0.12274,strict
SeasonalForestSpring,001683_lcam_front_lidar.ply,0.10002,799,0.02845,0.05047,0.15001,500,0.05615,0.1966,0.25,200,0.00138,0.20686,0.2,800,0.06955,0.12991,0.2,800,0.06852,0.12863,rl
SeasonalForestSpring,001684_lcam_front_lidar.ply,0.10002,799,0.1305,0.12691,0.15001,500,0.05759,0.19423,0.25,200,0.08297,0.27846,0.2,800,0.07051,0.13597,0.2,800,0.07183,0.13579,strict
SeasonalForestSpring,001685_lcam_front_lidar.ply,0.10002,799,0.10329,0.11562,0.15001,500,0.20177,0.18866,0.25,200,0.07828,0.27027,0.2,800,0.06872,0.1256,0.2,800,0.0691,0.12736,standard
SeasonalForestSpring,001686_lcam_front_lidar.ply,0.10002,799,0.12638,0.128,0.15001,500,0.18255,0.18103,0.25,200,0.06793,0.25597,0.2,800,0.10207,0.11704,0.2,800,0.1232,0.13564,standard
SeasonalForestSpring,001687_lcam_front_lidar.ply,0.10002,799,0.03142,0.04582,0.15001,500,0.01857,0.1537,0.25,200,0.02866,0.15812,0.2,800,0.06588,0.12754,0.2,800,0.11724,0.12125,rl_v2_reward
SeasonalForestSpring,001688_lcam_front_lidar.ply,0.10002,799,0.02868,0.04176,0.15001,500,0.03928,0.15838,0.25,200,0.01048,0.10435,0.2,800,0.06565,0.12606,0.2,800,0.06596,0.12578,rl_v2_reward
SeasonalForestSpring,001689_lcam_front_lidar.ply,0.10002,799,0.07299,0.12406,0.15001,500,0.03464,0.18192,0.25,200,0.00235,0.30366,0.2,800,0.0652,0.13014,0.2,800,0.12496,0.12704,rl_v2_reward
SeasonalForestSpring,001690_lcam_front_lidar.ply,0.10002,799,0.0714,0.11808,0.15001,500,0.00331,0.08896,0.25,200,0.00138,0.1887,0.2,800,0.06373,0.12014,0.2,800,0.06348,0.11947,strict
SeasonalForestSpring,001691_lcam_front_lidar.ply,0.10002,799,0.04539,0.09964,0.15001,500,0.17337,0.16758,0.25,200,0.017,0.2635,0.2,800,0.06588,0.13153,0.2,800,0.06597,0.13099,standard
SeasonalForestSpring,001692_lcam_front_lidar.ply,0.10002,799,0.07133,0.11709,0.15001,500,0.04774,0.18805,0.25,200,0.00604,0.27474,0.2,800,0.0668,0.13199,0.2,800,0.06567,0.13013,strict
SeasonalForestSpring,001693_lcam_front_lidar.ply,0.10002,799,0.07286,0.11591,0.15001,500,0.06627,0.20942,0.25,200,0.07437,0.26778,0.2,800,0.0623,0.12748,0.2,800,0.06174,0.12548,loose
SeasonalForestSpring,001694_lcam_front_lidar.ply,0.10002,799,0.07316,0.12157,0.15001,500,0.18634,0.18567,0.25,200,0.00137,0.44993,0.2,800,0.0629,0.13401,0.2,800,0.06173,0.13017,standard
SeasonalForestSpring,001695_lcam_front_lidar.ply,0.10002,799,0.07206,0.12031,0.15001,500,0.16619,0.18141,0.25,200,0.00294,0.31556,0.2,800,0.14399,0.1564,0.25,800,0.1561,0.18257,standard
SeasonalForestSpring,001696_lcam_front_lidar.ply,0.10002,799,0.03829,0.05803,0.15001,500,0.16554,0.1758,0.25,200,0.07769,0.2653,0.2,800,0.05854,0.13319,0.2,800,0.1481,0.17103,standard
SeasonalForestSpring,001697_lcam_front_lidar.ply,0.10002,799,0.06881,0.11174,0.15001,500,0.15819,0.1733,0.25,200,0.01681,0.1378,0.2,800,0.14716,0.1708,0.2,800,0.14754,0.17044,standard
SeasonalForestSpring,001698_lcam_front_lidar.ply,0.10002,799,0.02667,0.05915,0.15001,500,0.16617,0.17918,0.25,200,0.00998,0.18255,0.2,800,0.14576,0.16116,0.2,800,0.13961,0.14405,standard
SeasonalForestSpring,001699_lcam_front_lidar.ply,0.10002,799,0.02311,0.05885,0.15001,500,0.05443,0.18787,0.25,200,0.00142,0.20425,0.2,800,0.14287,0.15001,0.2,800,0.14767,0.16331,rl_v2_reward
SeasonalForestSpring,001700_lcam_front_lidar.ply,0.10002,799,0.04447,0.13919,0.15001,500,0.01926,0.14048,0.25,200,0.06606,0.24237,0.2,800,0.15256,0.16573,0.2,800,0.14387,0.14959,rl
SeasonalForestSpring,001701_lcam_front_lidar.ply,0.10002,799,0.06872,0.11266,0.15001,500,0.07075,0.19931,0.25,200,0.00236,0.24909,0.2,800,0.15705,0.17486,0.2,800,0.14843,0.16279,rl
SeasonalForestSpring,001702_lcam_front_lidar.ply,0.10002,799,0.00276,0.0599,0.15001,500,0.16894,0.15941,0.25,200,0.05936,0.23807,0.2,800,0.15138,0.171,0.2,800,0.0613,0.13855,standard
SeasonalForestSpring,001703_lcam_front_lidar.ply,0.10002,799,0.04647,0.15132,0.15001,500,0.07749,0.20561,0.25,200,0.08612,0.27388,0.2,800,0.14226,0.13981,0.25,800,0.16375,0.18074,rl_v2_reward
SeasonalForestSpring,001704_lcam_front_lidar.ply,0.10002,799,0.04222,0.14889,0.15001,500,0.00369,0.16271,0.25,200,0.00153,0.17327,0.2,800,0.06121,0.13488,0.2,800,0.0599,0.13322,rl
SeasonalForestSpring,001705_lcam_front_lidar.ply,0.10002,799,0.02513,0.07571,0.15001,500,0.17673,0.17692,0.25,200,0.0774,0.2729,0.2,800,0.14844,0.17113,0.2,800,0.14854,0.17036,standard
SeasonalForestSpring,001706_lcam_front_lidar.ply,0.10002,799,0.04411,0.14153,0.15001,500,0.07423,0.2014,0.25,200,0.08066,0.27749,0.2,800,0.06059,0.1414,0.2,800,0.07875,0.15022,loose
SeasonalForestSpring,001707_lcam_front_lidar.ply,0.10002,799,0.04577,0.14122,0.15001,500,0.19307,0.1888,0.25,200,0.0814,0.26849,0.2,800,0.14694,0.15273,0.2,800,0.15049,0.15811,standard
SeasonalForestSpring,001708_lcam_front_lidar.ply,0.10002,799,0.002,0.08769,0.15001,500,0.19385,0.18563,0.25,200,0.08011,0.27402,0.2,800,0.12723,0.13323,0.2,800,0.07915,0.16619,standard
SeasonalForestSpring,001709_lcam_front_lidar.ply,0.10002,799,0.0454,0.14379,0.15001,500,0.18933,0.17553,0.25,200,0.01022,0.23607,0.2,800,0.14449,0.15319,0.2,800,0.1433,0.14444,standard
SeasonalForestSpring,001710_lcam_front_lidar.ply,0.10002,799,0.04503,0.15003,0.15001,500,0.07866,0.20515,0.25,200,0.05104,0.21813,0.2,800,0.07628,0.16158,0.25,800,0.07968,0.21655,rl_v2_reward
SeasonalForestSpring,001711_lcam_front_lidar.ply,0.10002,799,0.04809,0.14263,0.15001,500,0.0736,0.19261,0.25,200,0.09059,0.29124,0.2,800,0.0631,0.11975,0.2,800,0.07838,0.18034,loose
SeasonalForestSpring,001712_lcam_front_lidar.ply,0.10002,799,0.03316,0.12114,0.15001,500,0.03084,0.12823,0.25,200,0.01242,0.24678,0.2,800,0.07646,0.1696,0.2,800,0.06463,0.15369,rl
SeasonalForestSpring,001713_lcam_front_lidar.ply,0.10002,799,0.04413,0.1473,0.15001,500,0.00111,0.00016,0.25,200,0.04502,0.18001,0.2,800,0.07338,0.16311,0.2,800,0.07528,0.16002,rl_v2_reward
SeasonalForestSpring,001714_lcam_front_lidar.ply,0.10002,799,0.04678,0.14476,0.15001,500,0.07258,0.19346,0.25,200,0.06743,0.23653,0.2,800,0.06808,0.14316,0.2,800,0.0672,0.13935,standard
SeasonalForestSpring,001715_lcam_front_lidar.ply,0.10002,799,0.04566,0.15085,0.15001,500,0.06286,0.2036,0.25,200,0.07679,0.2555,0.2,800,0.06191,0.15522,0.2,800,0.06272,0.15963,loose
SeasonalForestSpring,001716_lcam_front_lidar.ply,0.10002,799,0.04486,0.15009,0.15001,500,0.01019,0.16963,0.25,200,0.07505,0.25113,0.2,800,0.05857,0.14645,0.2,800,0.05701,0.14502,loose
SeasonalForestSpring,001717_lcam_front_lidar.ply,0.10002,799,0.00183,0.08568,0.15001,500,0.03536,0.1395,0.25,200,0.0087,0.15081,0.2,800,0.05923,0.14679,0.25,800,0.06155,0.1578,rl_v2_reward
SeasonalForestSpring,001718_lcam_front_lidar.ply,0.10002,799,0.03718,0.14862,0.15001,500,0.05177,0.19585,0.25,200,0.07559,0.24888,0.2,800,0.04886,0.13277,0.2,800,0.04899,0.13321,loose
SeasonalForestSpring,001719_lcam_front_lidar.ply,0.10002,799,0.02966,0.064,0.15001,500,0.0176,0.06067,0.25,200,0.00882,0.18376,0.25,800,0.06228,0.15526,0.25,800,0.06087,0.15302,rl
SeasonalForestSpring,001720_lcam_front_lidar.ply,0.10002,799,0.0595,0.10481,0.15001,500,0.03644,0.137,0.25,200,0.08139,0.25662,0.2,800,0.05313,0.13593,0.25,800,0.05802,0.15362,loose
SeasonalForestSpring,001721_lcam_front_lidar.ply,0.10002,799,0.02435,0.0566,0.15001,500,0.01167,0.14815,0.25,200,0.08051,0.25463,0.2,800,0.05477,0.14123,0.2,800,0.0551,0.13972,loose
SeasonalForestSpring,001722_lcam_front_lidar.ply,0.10002,799,0.06724,0.12015,0.15001,500,0.00171,0.08875,0.25,200,0.10097,0.29264,0.2,800,0.05694,0.13215,0.25,800,0.06079,0.14676,loose
SeasonalForestSpring,001723_lcam_front_lidar.ply,0.10002,799,0.09211,0.10175,0.15001,500,0.02522,0.06969,0.25,200,0.10163,0.2861,0.2,800,0.0541,0.13438,0.25,800,0.05709,0.14626,loose
SeasonalForestSpring,001724_lcam_front_lidar.ply,0.10002,799,0.0473,0.14708,0.15001,500,0.01262,0.17356,0.25,200,0.01294,0.11102,0.2,800,0.0579,0.12845,0.25,800,0.06048,0.13946,rl_v2_reward
SeasonalForestSpring,001725_lcam_front_lidar.ply,0.10002,799,0.09031,0.09371,0.15001,500,0.05506,0.18696,0.25,200,0.09939,0.29307,0.2,800,0.05718,0.138,0.2,800,0.05513,0.13342,loose
SeasonalForestSpring,001726_lcam_front_lidar.ply,0.10002,799,0.04962,0.13223,0.15001,500,0.07295,0.20517,0.25,200,0.01469,0.15443,0.2,800,0.05483,0.13786,0.2,800,0.054,0.13952,standard
SeasonalForestSpring,001727_lcam_front_lidar.ply,0.10002,799,0.05103,0.1529,0.15001,500,0.05742,0.11009,0.25,200,0.0867,0.30418,0.2,800,0.05421,0.12871,0.25,800,0.05461,0.13118,loose
SeasonalForestSpring,001728_lcam_front_lidar.ply,0.10002,799,0.05192,0.15761,0.15001,500,0.02977,0.06511,0.25,200,0.01834,0.20444,0.2,800,0.05351,0.12564,0.25,800,0.05398,0.12741,rl_v2_reward
SeasonalForestSpring,001729_lcam_front_lidar.ply,0.10002,799,0.06481,0.12439,0.15001,500,0.21819,0.17448,0.25,200,0.01405,0.18514,0.2,800,0.05303,0.12576,0.25,800,0.17844,0.21963,standard
SeasonalForestSpring,001730_lcam_front_lidar.ply,0.10002,799,0.05101,0.15411,0.15001,500,0.01613,0.07053,0.25,200,0.11841,0.28838,0.2,800,0.05045,0.12449,0.2,800,0.05107,0.12572,loose
SeasonalForestSpring,001731_lcam_front_lidar.ply,0.10002,799,0.05063,0.15156,0.15001,500,0.27016,0.1755,0.25,200,0.08583,0.28625,0.2,800,0.04624,0.11959,0.2,800,0.04617,0.11955,standard
SeasonalForestSpring,001732_lcam_front_lidar.ply,0.10002,799,0.04725,0.15393,0.15001,500,0.05169,0.17497,0.25,200,0.09631,0.27606,0.2,800,0.1437,0.15113,0.2,800,0.15558,0.17935,rl_v2_reward
SeasonalForestSpring,001733_lcam_front_lidar.ply,0.10002,799,0.04813,0.14967,0.15001,500,0.2713,0.17564,0.25,200,0.02252,0.2149,0.2,800,0.16001,0.18268,0.2,800,0.16015,0.18234,standard
SeasonalForestSpring,001734_lcam_front_lidar.ply,0.10002,799,0.03844,0.13733,0.15001,500,0.0155,0.07217,0.25,200,0.02041,0.25297,0.2,800,0.04258,0.11581,0.2,800,0.16015,0.17495,rl_v2_reward
SeasonalForestSpring,001735_lcam_front_lidar.ply,0.10002,799,0.04996,0.14511,0.15001,500,0.07815,0.20216,0.25,200,0.10735,0.29157,0.2,800,0.04238,0.11775,0.2,800,0.0434,0.11666,loose
SeasonalForestSpring,001736_lcam_front_lidar.ply,0.10002,799,0.05033,0.15313,0.15001,500,0.02597,0.07093,0.25,200,0.10093,0.27507,0.2,800,0.16164,0.1716,0.25,800,0.1742,0.19359,rl_v2_reward
SeasonalForestSpring,001737_lcam_front_lidar.ply,0.10002,799,0.05321,0.14634,0.15001,500,0.03795,0.13704,0.25,200,0.00166,0.12054,0.2,800,0.11097,0.12708,0.2,800,0.08063,0.11368,rl
SeasonalForestSpring,001738_lcam_front_lidar.ply,0.10002,799,0.03389,0.12142,0.15001,500,0.02962,0.09898,0.25,200,0.00354,0.29167,0.2,800,0.15397,0.149,0.2,800,0.16589,0.17641,rl_v2_reward
SeasonalForestSpring,001739_lcam_front_lidar.ply,0.10002,799,0.04799,0.12674,0.15001,500,0.07343,0.18637,0.25,200,0.00078,0.10311,0.2,800,0.15112,0.14773,0.2,800,0.15265,0.15034,rl_v2_reward
SeasonalForestSpring,001740_lcam_front_lidar.ply,0.10002,799,0.04866,0.12564,0.15001,500,0.03007,0.12501,0.25,200,0.00568,0.20782,0.2,800,0.16017,0.15995,0.2,800,0.15904,0.15876,rl
SeasonalForestSpring,001741_lcam_front_lidar.ply,0.10002,799,0.05229,0.13087,0.15001,500,0.06133,0.20162,0.25,200,0.01298,0.11841,0.2,800,0.16116,0.1678,0.2,800,0.15664,0.1542,rl
SeasonalForestSpring,001742_lcam_front_lidar.ply,0.10002,799,0.05035,0.13295,0.15001,500,0.06263,0.16927,0.25,200,0.02034,0.18902,0.2,800,0.16055,0.14586,0.2,800,0.16068,0.1545,rl_v2_reward
SeasonalForestSpring,001743_lcam_front_lidar.ply,0.10002,799,0.05266,0.13005,0.15001,500,0.04929,0.14375,0.25,200,0.0942,0.2535,0.2,800,0.16077,0.15348,0.2,800,0.15784,0.14695,rl
SeasonalForestSpring,001744_lcam_front_lidar.ply,0.10002,799,0.04996,0.12378,0.15001,500,0.2848,0.16021,0.25,200,0.10079,0.25928,0.2,800,0.17268,0.16953,0.2,800,0.17025,0.16161,standard
SeasonalForestSpring,001745_lcam_front_lidar.ply,0.10002,799,0.04941,0.13331,0.15001,500,0.01025,0.13054,0.25,200,0.00139,0.16055,0.2,800,0.1672,0.17115,0.2,800,0.17026,0.1765,rl_v2_reward
SeasonalForestSpring,001746_lcam_front_lidar.ply,0.10002,799,0.15102,0.09244,0.15001,500,0.06012,0.18132,0.25,200,0.00487,0.07928,0.2,800,0.16601,0.17231,0.2,800,0.16358,0.17462,rl
SeasonalForestSpring,001747_lcam_front_lidar.ply,0.10002,799,0.14096,0.1,0.15001,500,0.05326,0.17803,0.25,200,0.00201,0.16142,0.2,800,0.17057,0.17236,0.2,800,0.16383,0.17072,rl
SeasonalForestSpring,001748_lcam_front_lidar.ply,0.10002,799,0.13752,0.09531,0.15001,500,0.00737,0.18374,0.25,200,0.10846,0.2742,0.2,800,0.16775,0.16839,0.2,800,0.16474,0.15968,rl
SeasonalForestSpring,001749_lcam_front_lidar.ply,0.10002,799,0.18255,0.10324,0.15001,500,0.01843,0.06322,0.25,200,0.01022,0.16865,0.2,800,0.18209,0.17795,0.2,800,0.17981,0.1722,strict
SeasonalForestSpring,001750_lcam_front_lidar.ply,0.10002,799,0.17617,0.10552,0.15001,500,0.02209,0.12666,0.25,200,0.00464,0.07119,0.2,800,0.17793,0.16578,0.2,800,0.1824,0.17141,rl_v2_reward
SeasonalForestSpring,001751_lcam_front_lidar.ply,0.10002,799,0.19258,0.10877,0.15001,500,0.02301,0.1152,0.25,200,0.04977,0.20659,0.2,800,0.17566,0.17888,0.2,800,0.17606,0.17822,strict
SeasonalForestSpring,001752_lcam_front_lidar.ply,0.10002,799,0.18374,0.10663,0.15001,500,0.01829,0.09114,0.25,200,0.01261,0.21605,0.2,800,0.17208,0.15532,0.2,800,0.18318,0.17855,strict
SeasonalForestSpring,001753_lcam_front_lidar.ply,0.10002,799,0.1775,0.09711,0.15001,500,0.02014,0.0857,0.25,200,0.08458,0.30025,0.2,800,0.17583,0.17169,0.2,800,0.16824,0.15542,strict
SeasonalForestSpring,001754_lcam_front_lidar.ply,0.10002,799,0.17538,0.09996,0.15001,500,0.01586,0.06992,0.25,200,0.01338,0.08953,0.2,800,0.16818,0.17455,0.2,800,0.17128,0.18095,strict
SeasonalForestSpring,001755_lcam_front_lidar.ply,0.10002,799,0.17916,0.10038,0.15001,500,0.02846,0.14626,0.25,200,0.00963,0.1434,0.2,800,0.17673,0.18029,0.2,800,0.17487,0.17918,strict
SeasonalForestSpring,001756_lcam_front_lidar.ply,0.10002,799,0.14987,0.0762,0.15001,500,0.01465,0.14995,0.25,200,0.00184,0.00911,0.2,800,0.1738,0.17703,0.2,800,0.17432,0.18127,rl_v2_reward
SeasonalForestSpring,001757_lcam_front_lidar.ply,0.10002,799,0.17304,0.09741,0.15001,500,0.01691,0.10567,0.25,200,0.08367,0.31051,0.2,800,0.16762,0.16673,0.2,800,0.16995,0.1722,strict
SeasonalForestSpring,001758_lcam_front_lidar.ply,0.10002,799,0.1694,0.09839,0.15001,500,0.04698,0.17132,0.25,200,0.00177,0.00767,0.2,800,0.17991,0.18469,0.2,800,0.1763,0.18247,rl
SeasonalForestSpring,001759_lcam_front_lidar.ply,0.10002,799,0.17519,0.10186,0.15001,500,0.01799,0.1537,0.25,200,0.00843,0.1819,0.2,800,0.17651,0.18899,0.2,800,0.17136,0.18483,rl
SeasonalForestSpring,001760_lcam_front_lidar.ply,0.10002,799,0.16384,0.09399,0.15001,500,0.02855,0.16276,0.25,200,0.00758,0.24104,0.2,800,0.17676,0.186,0.2,800,0.16977,0.17227,rl
SeasonalForestSpring,001761_lcam_front_lidar.ply,0.10002,799,0.16677,0.1017,0.15001,500,0.04595,0.17973,0.25,200,0.0051,0.08337,0.2,800,0.16995,0.1744,0.2,800,0.17587,0.18515,rl_v2_reward
SeasonalForestSpring,001762_lcam_front_lidar.ply,0.10002,799,0.16014,0.09441,0.15001,500,0.00543,0.10109,0.25,200,0.06603,0.2711,0.2,800,0.16984,0.17343,0.2,800,0.1692,0.17398,rl
SeasonalForestSpring,001763_lcam_front_lidar.ply,0.10002,799,0.16532,0.10434,0.15001,500,0.02668,0.15042,0.25,200,0.02532,0.20458,0.2,800,0.17794,0.18592,0.2,800,0.17692,0.18295,rl
SeasonalForestSpring,001764_lcam_front_lidar.ply,0.10002,799,0.15979,0.09268,0.15001,500,0.01259,0.08744,0.25,200,0.01237,0.24846,0.2,800,0.17792,0.18353,0.2,800,0.17856,0.18428,rl_v2_reward
SeasonalForestSpring,001765_lcam_front_lidar.ply,0.10002,799,0.18231,0.10362,0.15001,500,0.02643,0.16596,0.25,200,0.00492,0.19399,0.2,800,0.18155,0.18747,0.2,800,0.18176,0.18746,strict
SeasonalForestSpring,001766_lcam_front_lidar.ply,0.10002,799,0.16544,0.09272,0.15001,500,0.02559,0.14993,0.25,200,0.00489,0.11327,0.2,800,0.18307,0.19387,0.2,800,0.18127,0.19108,rl
SeasonalForestSpring,001767_lcam_front_lidar.ply,0.10002,799,0.182,0.09503,0.15001,500,0.28597,0.16677,0.25,200,0.00426,0.27409,0.2,800,0.19513,0.20693,0.2,800,0.18856,0.20594,standard
SeasonalForestSpring,001768_lcam_front_lidar.ply,0.10002,799,0.19093,0.10335,0.15001,500,0.04826,0.20915,0.25,200,0.04567,0.28237,0.2,800,0.18502,0.18525,0.2,800,0.18606,0.18686,strict
SeasonalForestSpring,001769_lcam_front_lidar.ply,0.10002,799,0.19668,0.10644,0.15001,500,0.2544,0.14997,0.25,200,0.07039,0.29561,0.2,800,0.18626,0.18296,0.2,800,0.18392,0.1841,standard
SeasonalForestSpring,001770_lcam_front_lidar.ply,0.10002,799,0.20161,0.1059,0.15001,500,0.2918,0.16128,0.25,200,0.07338,0.31369,0.2,800,0.1837,0.17843,0.2,800,0.18513,0.18085,standard
SeasonalForestSpring,001771_lcam_front_lidar.ply,0.10002,799,0.17016,0.08556,0.15001,500,0.03048,0.17725,0.25,200,0.00983,0.21421,0.2,800,0.1788,0.18057,0.2,800,0.17826,0.18048,rl
SeasonalForestSpring,001772_lcam_front_lidar.ply,0.10002,799,0.19234,0.10125,0.15001,500,0.03284,0.18368,0.25,200,0.02699,0.20404,0.2,800,0.1863,0.18313,0.2,800,0.18639,0.18473,strict
SeasonalForestSpring,001773_lcam_front_lidar.ply,0.10002,799,0.20038,0.10757,0.15001,500,0.0253,0.19259,0.25,200,0.07169,0.30219,0.2,800,0.19259,0.18588,0.2,800,0.1939,0.18897,strict
SeasonalForestSpring,001774_lcam_front_lidar.ply,0.10002,799,0.20489,0.10273,0.15001,500,0.26779,0.13902,0.25,200,0.06153,0.29699,0.2,800,0.19639,0.19071,0.2,800,0.19326,0.18594,standard
SeasonalForestSpring,001775_lcam_front_lidar.ply,0.10002,799,0.19773,0.10339,0.15001,500,0.01978,0.14426,0.25,200,0.06689,0.28713,0.2,800,0.19891,0.18623,0.2,800,0.19467,0.17647,rl
SeasonalForestSpring,001776_lcam_front_lidar.ply,0.10002,799,0.20679,0.10236,0.15001,500,0.02886,0.16503,0.25,200,0.01359,0.20809,0.2,800,0.18789,0.18526,0.2,800,0.19027,0.1884,strict
SeasonalForestSpring,001777_lcam_front_lidar.ply,0.10002,799,0.20465,0.09675,0.15001,500,0.2729,0.14666,0.25,200,0.0027,0.23037,0.2,800,0.19483,0.18841,0.2,800,0.19474,0.18821,standard
SeasonalForestSpring,001778_lcam_front_lidar.ply,0.10002,799,0.18785,0.10015,0.15001,500,0.29371,0.15487,0.25,200,0.01387,0.21108,0.2,800,0.21123,0.19986,0.2,800,0.21358,0.20692,standard
SeasonalForestSpring,001779_lcam_front_lidar.ply,0.10002,799,0.19054,0.0883,0.15001,500,0.04771,0.19819,0.25,200,0.00881,0.2127,0.2,800,0.19126,0.17157,0.2,800,0.19288,0.17565,rl_v2_reward
SeasonalForestSpring,001780_lcam_front_lidar.ply,0.10002,799,0.19007,0.09222,0.15001,500,0.04306,0.21687,0.25,200,0.38105,0.23936,0.2,800,0.20491,0.18764,0.2,800,0.21572,0.20044,loose
SeasonalForestSpring,001781_lcam_front_lidar.ply,0.10002,799,0.20425,0.0921,0.15001,500,0.27232,0.14338,0.25,200,0.00824,0.21294,0.2,800,0.19561,0.18692,0.2,800,0.19741,0.18603,standard
SeasonalForestSpring,001782_lcam_front_lidar.ply,0.10002,799,0.02552,0.13788,0.15001,500,0.26896,0.15151,0.25,200,0.00709,0.19109,0.2,800,0.20943,0.19511,0.2,800,0.20247,0.18475,standard
SeasonalForestSpring,001783_lcam_front_lidar.ply,0.10002,799,0.19836,0.09036,0.15001,500,0.01138,0.11171,0.25,200,0.01659,0.21563,0.2,800,0.21625,0.20115,0.2,800,0.2103,0.19263,rl
SeasonalForestSpring,001784_lcam_front_lidar.ply,0.10002,799,0.19186,0.08706,0.15001,500,0.00239,0.06149,0.25,200,0.00283,0.00136,0.2,800,0.20353,0.18816,0.2,800,0.20347,0.18903,rl
SeasonalForestSpring,001785_lcam_front_lidar.ply,0.10002,799,0.20202,0.09452,0.15001,500,0.29572,0.15533,0.25,200,0.06205,0.30362,0.2,800,0.21248,0.19254,0.2,800,0.21049,0.19007,standard
SeasonalForestSpring,001786_lcam_front_lidar.ply,0.10002,799,0.02239,0.14637,0.15001,500,0.25205,0.14089,0.25,200,0.00902,0.1612,0.2,800,0.21925,0.20045,0.2,800,0.21025,0.18559,standard
SeasonalForestSpring,001787_lcam_front_lidar.ply,0.10002,799,0.02516,0.1212,0.15001,500,0.04562,0.19621,0.25,200,0.01087,0.15167,0.2,800,0.21857,0.19281,0.2,800,0.21869,0.1914,rl_v2_reward
SeasonalForestSpring,001788_lcam_front_lidar.ply,0.10002,799,0.19142,0.09052,0.15001,500,0.29005,0.15753,0.25,200,0.3873,0.2247,0.2,800,0.21965,0.20049,0.2,800,0.2214,0.19299,loose
SeasonalForestSpring,001789_lcam_front_lidar.ply,0.10002,799,0.19936,0.09651,0.15001,500,0.27974,0.15839,0.25,200,0.39078,0.24343,0.2,800,0.2218,0.19681,0.2,800,0.2179,0.18764,loose
SeasonalForestSpring,001790_lcam_front_lidar.ply,0.10002,799,0.19948,0.09257,0.15001,500,0.3029,0.15856,0.25,200,0.05413,0.28692,0.2,800,0.21021,0.17959,0.2,800,0.21174,0.19112,standard
SeasonalForestSpring,001791_lcam_front_lidar.ply,0.10002,799,0.02445,0.13595,0.15001,500,0.03077,0.14521,0.25,200,0.01942,0.27988,0.2,800,0.21629,0.19424,0.2,800,0.20988,0.18018,rl
SeasonalForestSpring,001792_lcam_front_lidar.ply,0.10002,799,0.01888,0.13078,0.15001,500,0.04833,0.18406,0.25,200,0.01499,0.24286,0.2,800,0.2229,0.19808,0.2,800,0.21249,0.17728,rl
SeasonalForestSpring,001793_lcam_front_lidar.ply,0.10002,799,0.17343,0.08987,0.15001,500,0.04713,0.18387,0.25,200,0.00127,0.11762,0.2,800,0.20739,0.17679,0.2,800,0.21112,0.17864,rl_v2_reward
SeasonalForestSpring,001794_lcam_front_lidar.ply,0.10002,799,0.02375,0.12766,0.15001,500,0.03209,0.17155,0.25,200,0.01093,0.1502,0.2,800,0.20931,0.18847,0.2,800,0.2039,0.18162,rl
SeasonalForestSpring,001795_lcam_front_lidar.ply,0.10002,799,0.17428,0.08917,0.15001,500,0.31929,0.1571,0.25,200,0.00936,0.13541,0.2,800,0.19702,0.18807,0.2,800,0.2008,0.20133,standard
SeasonalForestSpring,001796_lcam_front_lidar.ply,0.10002,799,0.16465,0.09256,0.15001,500,0.019,0.13165,0.25,200,0.0089,0.10468,0.2,800,0.20964,0.19631,0.2,800,0.21319,0.20239,rl_v2_reward
SeasonalForestSpring,001797_lcam_front_lidar.ply,0.10002,799,0.16132,0.09144,0.15001,500,0.04115,0.19797,0.25,200,0.00743,0.1363,0.2,800,0.21479,0.19984,0.2,800,0.20743,0.18294,rl
SeasonalForestSpring,001798_lcam_front_lidar.ply,0.10002,799,0.17047,0.09551,0.15001,500,0.04236,0.18869,0.25,200,0.01526,0.2501,0.2,800,0.20664,0.17463,0.2,800,0.20676,0.17384,rl_v2_reward
SeasonalForestSpring,001799_lcam_front_lidar.ply,0.10002,799,0.15458,0.09203,0.15001,500,0.02821,0.15283,0.25,200,0.00131,0.23154,0.2,800,0.20797,0.17053,0.2,800,0.20801,0.1704,rl_v2_reward
SeasonalForestSpring,001800_lcam_front_lidar.ply,0.10002,799,0.15859,0.08266,0.15001,500,0.01749,0.13965,0.25,200,0.01363,0.22296,0.2,800,0.21692,0.16891,0.2,800,0.21597,0.16584,rl
SeasonalForestSpring,001801_lcam_front_lidar.ply,0.10002,799,0.15579,0.08877,0.15001,500,0.04847,0.19659,0.25,200,0.01018,0.0992,0.2,800,0.21308,0.19319,0.2,800,0.20537,0.17508,rl
SeasonalForestSpring,001802_lcam_front_lidar.ply,0.10002,799,0.14653,0.08847,0.15001,500,0.03075,0.19576,0.25,200,0.06017,0.31456,0.2,800,0.21123,0.17357,0.2,800,0.2034,0.16395,rl
SeasonalForestSpring,001803_lcam_front_lidar.ply,0.10002,799,0.04624,0.11362,0.15001,500,0.04048,0.17319,0.25,200,0.01012,0.15524,0.2,800,0.20798,0.17331,0.2,800,0.20544,0.16852,rl
SeasonalForestSpring,001804_lcam_front_lidar.ply,0.10002,799,0.13576,0.08242,0.15001,500,0.01676,0.14365,0.25,200,0.00978,0.15876,0.2,800,0.21924,0.17765,0.2,800,0.21263,0.16112,rl
SeasonalForestSpring,001805_lcam_front_lidar.ply,0.10002,799,0.12651,0.08289,0.15001,500,0.03361,0.16895,0.25,200,0.0026,0.19855,0.2,800,0.20629,0.17349,0.2,800,0.20909,0.17769,rl_v2_reward
SeasonalForestSpring,001806_lcam_front_lidar.ply,0.10002,799,0.12206,0.08517,0.15001,500,0.24928,0.15035,0.25,200,0.01046,0.24511,0.2,800,0.20702,0.16971,0.2,800,0.20745,0.16832,standard
SeasonalForestSpring,001807_lcam_front_lidar.ply,0.10002,799,0.06454,0.0936,0.15001,500,0.04185,0.17218,0.25,200,0.0138,0.19196,0.2,800,0.21099,0.17001,0.2,800,0.20179,0.15121,rl
SeasonalForestSpring,001808_lcam_front_lidar.ply,0.10002,799,0.0671,0.10196,0.15001,500,0.03468,0.17492,0.25,200,0.02177,0.19626,0.2,800,0.19472,0.15081,0.2,800,0.2069,0.17215,rl_v2_reward
SeasonalForestSpring,001809_lcam_front_lidar.ply,0.10002,799,0.06824,0.08683,0.15001,500,0.01467,0.18724,0.25,200,0.02218,0.27843,0.2,800,0.21269,0.16726,0.2,800,0.21652,0.17774,rl_v2_reward
SeasonalForestSpring,001810_lcam_front_lidar.ply,0.10002,799,0.0033,0.00155,0.15001,500,0.03256,0.17506,0.25,200,0.00276,0.15761,0.2,800,0.21804,0.17966,0.2,800,0.21701,0.18046,rl
SeasonalForestSpring,001811_lcam_front_lidar.ply,0.10002,799,0.05378,0.07269,0.15001,500,0.01806,0.11382,0.25,200,0.00563,0.25701,0.2,800,0.20181,0.15368,0.2,800,0.2038,0.15826,rl_v2_reward
SeasonalForestSpring,001812_lcam_front_lidar.ply,0.10002,799,0.03037,0.08453,0.15001,500,0.02711,0.1311,0.25,200,0.00672,0.0703,0.2,800,0.20955,0.15866,0.2,800,0.21574,0.17341,rl_v2_reward
SeasonalForestSpring,001813_lcam_front_lidar.ply,0.10002,799,0.01735,0.02693,0.15001,500,0.03634,0.17801,0.25,200,0.02838,0.18483,0.2,800,0.21171,0.1731,0.2,800,0.20909,0.16517,rl
SeasonalForestSpring,001814_lcam_front_lidar.ply,0.10002,799,0.0959,0.08701,0.15001,500,0.02876,0.19192,0.25,200,0.00357,0.3218,0.2,800,0.21792,0.17662,0.2,800,0.21498,0.17196,rl
SeasonalForestSpring,001815_lcam_front_lidar.ply,0.10002,799,0.15804,0.09859,0.15001,500,0.0393,0.15584,0.25,200,0.00836,0.30877,0.2,800,0.20275,0.15431,0.2,800,0.2041,0.15735,rl_v2_reward
SeasonalForestSpring,001816_lcam_front_lidar.ply,0.10002,799,0.10525,0.09912,0.15001,500,0.04422,0.16498,0.25,200,0.00151,0.13396,0.2,800,0.22131,0.18428,0.2,800,0.21431,0.17099,rl
SeasonalForestSpring,001817_lcam_front_lidar.ply,0.10002,799,0.17203,0.10264,0.15001,500,0.02258,0.14209,0.25,200,0.04777,0.23106,0.2,800,0.20244,0.15673,0.2,800,0.20478,0.16125,rl_v2_reward
SeasonalForestSpring,001818_lcam_front_lidar.ply,0.10002,799,0.21447,0.10529,0.15001,500,0.04019,0.15805,0.25,200,0.01529,0.147,0.2,800,0.19822,0.14994,0.2,800,0.19778,0.14901,strict
SeasonalForestSpring,001819_lcam_front_lidar.ply,0.10002,799,0.20833,0.10148,0.15001,500,0.04456,0.15378,0.25,200,0.00124,0.00479,0.2,800,0.20885,0.17536,0.2,800,0.20435,0.15559,rl
SeasonalForestSpring,001820_lcam_front_lidar.ply,0.10002,799,0.19322,0.08935,0.15001,500,0.023,0.21364,0.25,200,0.01051,0.08821,0.2,800,0.20846,0.14972,0.2,800,0.20659,0.14586,rl
SeasonalForestSpring,001821_lcam_front_lidar.ply,0.10002,799,0.2182,0.10769,0.15001,500,0.05127,0.19354,0.25,200,0.01115,0.11485,0.2,800,0.20823,0.15197,0.2,800,0.22154,0.18356,rl_v2_reward
SeasonalForestSpring,001822_lcam_front_lidar.ply,0.10002,799,0.04313,0.10777,0.15001,500,0.0201,0.15549,0.25,200,0.01082,0.11964,0.2,800,0.20759,0.18617,0.2,800,0.18562,0.14654,rl
SeasonalForestSpring,001823_lcam_front_lidar.ply,0.10002,799,0.04455,0.11246,0.15001,500,0.04722,0.19076,0.25,200,0.00973,0.1278,0.2,800,0.20068,0.16427,0.2,800,0.20688,0.17584,rl_v2_reward
SeasonalForestSpring,001824_lcam_front_lidar.ply,0.10002,799,0.06659,0.0732,0.15001,500,0.04648,0.19051,0.25,200,0.01147,0.14646,0.2,800,0.17317,0.14394,0.2,800,0.17328,0.14421,rl_v2_reward
SeasonalForestSpring,001825_lcam_front_lidar.ply,0.10002,799,0.05153,0.08092,0.15001,500,0.05586,0.16339,0.25,200,0.01044,0.11382,0.2,800,0.1906,0.14798,0.2,800,0.18969,0.14541,rl
SeasonalForestSpring,001826_lcam_front_lidar.ply,0.10002,799,0.12643,0.08503,0.15001,500,0.03745,0.19996,0.25,200,0.0138,0.14249,0.2,800,0.19033,0.15783,0.2,800,0.19503,0.17309,rl_v2_reward
SeasonalForestSpring,001827_lcam_front_lidar.ply,0.10002,799,0.07048,0.0798,0.15001,500,0.02261,0.15521,0.25,200,0.01376,0.1437,0.2,800,0.18326,0.14958,0.2,800,0.18482,0.14984,rl_v2_reward
SeasonalForestSpring,001828_lcam_front_lidar.ply,0.10002,799,0.05905,0.07155,0.15001,500,0.03877,0.19225,0.25,200,0.01239,0.15561,0.2,800,0.19212,0.16497,0.2,800,0.18767,0.15396,rl
SeasonalForestSpring,001829_lcam_front_lidar.ply,0.10002,799,0.07654,0.09705,0.15001,500,0.01473,0.09347,0.25,200,0.01724,0.22635,0.2,800,0.18345,0.15825,0.2,800,0.18096,0.15391,rl
SeasonalForestSpring,001830_lcam_front_lidar.ply,0.10002,799,0.0651,0.07535,0.15001,500,0.03811,0.18736,0.25,200,0.00948,0.14164,0.2,800,0.18799,0.16922,0.2,800,0.183,0.15749,rl
SeasonalForestSpring,001831_lcam_front_lidar.ply,0.10002,799,0.10824,0.10159,0.15001,500,0.01923,0.16709,0.25,200,0.0581,0.28949,0.2,800,0.18118,0.16565,0.2,800,0.18283,0.16934,rl_v2_reward
SeasonalForestSpring,001832_lcam_front_lidar.ply,0.10002,799,0.06732,0.09169,0.15001,500,0.01998,0.13572,0.25,200,0.0089,0.1686,0.2,800,0.18778,0.1737,0.2,800,0.18215,0.16465,rl
SeasonalForestSpring,001833_lcam_front_lidar.ply,0.10002,799,0.06095,0.08123,0.15001,500,0.03367,0.11933,0.25,200,0.05627,0.2751,0.2,800,0.16257,0.16054,0.2,800,0.17021,0.18002,rl_v2_reward
SeasonalForestSpring,001834_lcam_front_lidar.ply,0.10002,799,0.06222,0.08759,0.15001,500,0.05879,0.18839,0.25,200,0.02254,0.22732,0.2,800,0.1657,0.17532,0.2,800,0.16428,0.1744,rl
SeasonalForestSpring,001835_lcam_front_lidar.ply,0.10002,799,0.12163,0.10164,0.15001,500,0.00084,0.00069,0.25,200,0.01922,0.1439,0.2,800,0.16556,0.16868,0.2,800,0.15936,0.16219,rl
SeasonalForestSpring,001836_lcam_front_lidar.ply,0.10002,799,0.06799,0.0744,0.15001,500,0.02665,0.12152,0.25,200,0.00607,0.10726,0.2,800,0.04606,0.21201,0.2,800,0.0504,0.14739,strict
SeasonalForestSpring,001837_lcam_front_lidar.ply,0.10002,799,0.04837,0.11894,0.15001,500,0.05169,0.12194,0.25,200,0.06802,0.30333,0.2,800,0.05018,0.17637,0.2,800,0.14806,0.16279,rl_v2_reward
SeasonalForestSpring,001838_lcam_front_lidar.ply,0.10002,799,0.08353,0.11128,0.15001,500,0.01122,0.19849,0.25,200,0.00141,0.00066,0.2,800,0.15861,0.17804,0.2,800,0.15734,0.17761,rl
SeasonalForestSpring,001839_lcam_front_lidar.ply,0.10002,799,0.06,0.11873,0.15001,500,0.02859,0.11937,0.25,200,0.0584,0.27752,0.2,800,0.1567,0.18491,0.2,800,0.1564,0.18413,rl
SeasonalForestSpring,001840_lcam_front_lidar.ply,0.10002,799,0.0927,0.09193,0.15001,500,0.11759,0.1447,0.25,200,0.05395,0.26839,0.2,800,0.15707,0.19371,0.2,800,0.14604,0.18092,rl
SeasonalForestSpring,001841_lcam_front_lidar.ply,0.10002,799,0.06482,0.12047,0.15001,500,0.03797,0.14329,0.25,200,0.07277,0.25217,0.2,800,0.15015,0.14528,0.2,800,0.16263,0.17433,rl_v2_reward
SeasonalForestSpring,001842_lcam_front_lidar.ply,0.10002,799,0.0878,0.10442,0.15001,500,0.03553,0.11097,0.25,200,0.05051,0.24171,0.2,800,0.15241,0.18473,0.2,800,0.15721,0.18136,rl_v2_reward
SeasonalForestSpring,001843_lcam_front_lidar.ply,0.10002,799,0.03701,0.05585,0.15001,500,0.00321,0.01184,0.25,200,0.00945,0.17435,0.2,800,0.15597,0.17858,0.2,800,0.15768,0.17003,rl_v2_reward
SeasonalForestSpring,001844_lcam_front_lidar.ply,0.10002,799,0.09678,0.10679,0.15001,500,0.1626,0.16138,0.25,200,0.00302,0.02339,0.2,800,0.1516,0.17043,0.2,800,0.14477,0.15539,standard
SeasonalForestSpring,001845_lcam_front_lidar.ply,0.10002,799,0.0906,0.11096,0.15001,500,0.04633,0.15124,0.25,200,0.0584,0.26746,0.2,800,0.15792,0.16785,0.2,800,0.15628,0.17114,rl
SeasonalForestSpring,001846_lcam_front_lidar.ply,0.10002,799,0.09852,0.1068,0.15001,500,0.0454,0.15669,0.25,200,0.00338,0.16104,0.2,800,0.14985,0.16246,0.2,800,0.14648,0.14853,rl
SeasonalForestSpring,001847_lcam_front_lidar.ply,0.10002,799,0.04473,0.04519,0.15001,500,0.04286,0.14552,0.25,200,0.00094,0.00384,0.2,800,0.16379,0.16378,0.2,800,0.16463,0.16685,rl_v2_reward
SeasonalForestSpring,001848_lcam_front_lidar.ply,0.10002,799,0.08445,0.09002,0.15001,500,0.00091,0.07538,0.25,200,0.06767,0.28364,0.2,800,0.15758,0.14902,0.2,800,0.16036,0.14911,rl_v2_reward
SeasonalForestSpring,001849_lcam_front_lidar.ply,0.10002,799,0.05357,0.06117,0.15001,500,0.00278,0.01667,0.25,200,0.00211,0.07708,0.2,800,0.04705,0.17025,0.2,800,0.17425,0.13699,rl_v2_reward
SeasonalForestSpring,001850_lcam_front_lidar.ply,0.10002,799,0.03736,0.0439,0.15001,500,0.00262,0.0045,0.25,200,0.00151,0.00806,0.2,800,0.18047,0.14171,0.2,800,0.17908,0.14233,rl
SeasonalForestSpring,001851_lcam_front_lidar.ply,0.10002,799,0.05299,0.04331,0.15001,500,0.02328,0.16937,0.25,200,0.07131,0.29049,0.2,800,0.17913,0.13869,0.2,800,0.17463,0.13273,rl
SeasonalForestSpring,001852_lcam_front_lidar.ply,0.10002,799,0.05709,0.05294,0.15001,500,0.00371,0.06788,0.25,200,0.00174,0.00994,0.2,800,0.18379,0.1516,0.2,800,0.04127,0.19177,rl
SeasonalForestSpring,001853_lcam_front_lidar.ply,0.10002,799,0.07825,0.05943,0.15001,500,0.02884,0.13366,0.25,200,0.06739,0.28729,0.2,800,0.17845,0.13861,0.2,800,0.17785,0.13838,rl
SeasonalForestSpring,001854_lcam_front_lidar.ply,0.10002,799,0.15323,0.08321,0.15001,500,0.21992,0.11368,0.25,200,0.04175,0.26934,0.2,800,0.18329,0.13747,0.2,800,0.18588,0.14121,standard
SeasonalForestSpring,001855_lcam_front_lidar.ply,0.10002,799,0.08226,0.05846,0.15001,500,0.00279,0.00513,0.25,200,0.0015,0.00149,0.2,800,0.17268,0.12622,0.2,800,0.17972,0.1458,rl_v2_reward
SeasonalForestSpring,001856_lcam_front_lidar.ply,0.10002,799,0.08753,0.06464,0.15001,500,0.00237,0.00349,0.25,200,0.00125,0.00435,0.2,800,0.17708,0.14652,0.2,800,0.17053,0.13691,rl
SeasonalForestSpring,001857_lcam_front_lidar.ply,0.10002,799,0.06962,0.06066,0.15001,500,0.02505,0.14366,0.25,200,0.00644,0.08209,0.2,800,0.17145,0.13507,0.2,800,0.16995,0.13646,rl
SeasonalForestSpring,001858_lcam_front_lidar.ply,0.10002,799,0.08908,0.05779,0.15001,500,0.00137,0.0043,0.25,200,0.00467,0.13488,0.2,800,0.17779,0.1346,0.2,800,0.17942,0.13672,rl_v2_reward
SeasonalForestSpring,001859_lcam_front_lidar.ply,0.10002,799,0.09882,0.06114,0.15001,500,0.02617,0.18873,0.25,200,0.00772,0.14183,0.2,800,0.18372,0.13294,0.2,800,0.18015,0.12357,rl
SeasonalForestSpring,001860_lcam_front_lidar.ply,0.10002,799,0.13122,0.07591,0.15001,500,0.0149,0.10004,0.25,200,0.00209,0.01526,0.2,800,0.17032,0.12404,0.2,800,0.16513,0.12514,rl
SeasonalForestSpring,001861_lcam_front_lidar.ply,0.10002,799,0.0573,0.04391,0.15001,500,0.18694,0.11792,0.25,200,0.00152,0.00716,0.2,800,0.1567,0.13452,0.2,800,0.15762,0.13716,standard
SeasonalForestSpring,001862_lcam_front_lidar.ply,0.10002,799,0.14165,0.07414,0.15001,500,0.19406,0.11211,0.25,200,0.00121,0.14752,0.2,800,0.16603,0.12424,0.2,800,0.16495,0.12158,standard
SeasonalForestSpring,001863_lcam_front_lidar.ply,0.10002,799,0.04445,0.03961,0.15001,500,0.18652,0.11003,0.25,200,0.00152,0.01873,0.2,800,0.15453,0.1358,0.2,800,0.1526,0.13074,standard
SeasonalForestSpring,001864_lcam_front_lidar.ply,0.10002,799,0.13868,0.07928,0.15001,500,0.19862,0.11738,0.25,200,0.0013,0.00318,0.2,800,0.15187,0.11829,0.2,800,0.15314,0.11286,standard
SeasonalForestSpring,001865_lcam_front_lidar.ply,0.10002,799,0.12295,0.06671,0.15001,500,0.19106,0.11007,0.25,200,0.00467,0.16009,0.2,800,0.16041,0.12754,0.2,800,0.15718,0.12941,standard
SeasonalForestSpring,001866_lcam_front_lidar.ply,0.10002,799,0.06785,0.04865,0.15001,500,0.00514,0.17012,0.25,200,0.04514,0.24209,0.2,800,0.14925,0.11905,0.2,800,0.15167,0.12771,rl_v2_reward
SeasonalForestSpring,001867_lcam_front_lidar.ply,0.10002,799,0.12164,0.07316,0.15001,500,0.18414,0.10877,0.25,200,0.00104,0.00267,0.2,800,0.15348,0.13876,0.2,800,0.14487,0.11922,standard
SeasonalForestSpring,001868_lcam_front_lidar.ply,0.10002,799,0.14804,0.06964,0.15001,500,0.18181,0.09885,0.25,200,0.03342,0.23764,0.2,800,0.16259,0.12622,0.2,800,0.15813,0.12424,standard
SeasonalForestSpring,001869_lcam_front_lidar.ply,0.10002,799,0.15164,0.06672,0.15001,500,0.00401,0.01164,0.25,200,0.00875,0.11332,0.2,800,0.14917,0.11394,0.2,800,0.15426,0.11922,rl_v2_reward
SeasonalForestSpring,001870_lcam_front_lidar.ply,0.10002,799,0.13925,0.07105,0.15001,500,0.0266,0.17451,0.25,200,0.02054,0.18428,0.2,800,0.15533,0.12008,0.2,800,0.15342,0.12164,rl
SeasonalForestSpring,001871_lcam_front_lidar.ply,0.10002,799,0.13295,0.0542,0.15001,500,0.00279,0.06412,0.25,200,0.00932,0.16041,0.2,800,0.1593,0.11618,0.2,800,0.15806,0.11529,rl
SeasonalForestSpring,001872_lcam_front_lidar.ply,0.10002,799,0.06836,0.03244,0.15001,500,0.03122,0.1619,0.25,200,0.03173,0.22293,0.2,800,0.16177,0.11607,0.2,800,0.16641,0.12246,rl_v2_reward
SeasonalForestSpring,001873_lcam_front_lidar.ply,0.10002,799,0.1491,0.06801,0.15001,500,0.02585,0.15828,0.25,200,0.00202,0.00791,0.2,800,0.16619,0.12502,0.2,800,0.165,0.11695,rl
SeasonalForestSpring,001874_lcam_front_lidar.ply,0.10002,799,0.08541,0.03639,0.15001,500,0.02588,0.14961,0.25,200,0.01457,0.1652,0.2,800,0.14819,0.11746,0.2,800,0.14711,0.10668,rl
SeasonalForestSpring,001875_lcam_front_lidar.ply,0.10002,799,0.0974,0.03932,0.15001,500,0.03238,0.14689,0.25,200,0.00588,0.02456,0.2,800,0.15131,0.11854,0.2,800,0.16115,0.12682,rl_v2_reward
SeasonalForestSpring,001876_lcam_front_lidar.ply,0.10002,799,0.10048,0.04326,0.15001,500,0.0038,0.08049,0.25,200,0.00833,0.17575,0.2,800,0.14497,0.12489,0.2,800,0.15166,0.12173,rl_v2_reward
SeasonalForestSpring,001877_lcam_front_lidar.ply,0.10002,799,0.13449,0.05335,0.15001,500,0.00161,0.06107,0.25,200,0.00174,0.17796,0.2,800,0.13438,0.10134,0.2,800,0.13631,0.10144,rl_v2_reward
SeasonalForestSpring,001878_lcam_front_lidar.ply,0.10002,799,0.08846,0.04221,0.15001,500,0.02078,0.13862,0.25,200,0.00142,0.13194,0.2,800,0.14383,0.10745,0.2,800,0.14651,0.11341,rl_v2_reward
SeasonalForestSpring,001879_lcam_front_lidar.ply,0.10002,799,0.09577,0.04521,0.15001,500,0.00296,0.06648,0.25,200,0.02431,0.24271,0.2,800,0.14658,0.10507,0.2,800,0.14262,0.08687,rl
SeasonalForestSpring,001880_lcam_front_lidar.ply,0.10002,799,0.10758,0.04602,0.15001,500,0.00245,0.07743,0.25,200,0.02435,0.24984,0.2,800,0.13699,0.093,0.2,800,0.1425,0.0938,rl_v2_reward
SeasonalForestSpring,001881_lcam_front_lidar.ply,0.10002,799,0.12265,0.05247,0.15001,500,0.00277,0.09809,0.25,200,0.01511,0.23556,0.2,800,0.14632,0.09362,0.2,800,0.14782,0.09245,rl_v2_reward
SeasonalForestSpring,001882_lcam_front_lidar.ply,0.10002,799,0.12219,0.05047,0.15001,500,0.0324,0.12657,0.25,200,0.00958,0.14016,0.2,800,0.14023,0.09026,0.2,800,0.14356,0.09866,rl_v2_reward
SeasonalForestSpring,001883_lcam_front_lidar.ply,0.10002,799,0.11295,0.04626,0.15001,500,0.01894,0.10636,0.25,200,0.00271,0.05562,0.2,800,0.14033,0.09902,0.2,800,0.14142,0.0984,rl_v2_reward
SeasonalForestSpring,001884_lcam_front_lidar.ply,0.10002,799,0.12793,0.05496,0.15001,500,0.02354,0.1258,0.25,200,0.01576,0.15247,0.2,800,0.15018,0.09533,0.2,800,0.15306,0.10366,rl_v2_reward
SeasonalForestSpring,001885_lcam_front_lidar.ply,0.10002,799,0.11588,0.04632,0.15001,500,0.01853,0.13261,0.25,200,0.01101,0.24734,0.2,800,0.13759,0.09625,0.2,800,0.14095,0.09503,rl_v2_reward
SeasonalForestSpring,001886_lcam_front_lidar.ply,0.10002,799,0.11092,0.04631,0.15001,500,0.1775,0.0829,0.25,200,0.0189,0.17548,0.2,800,0.14217,0.08733,0.2,800,0.14225,0.09361,standard
SeasonalForestSpring,001887_lcam_front_lidar.ply,0.10002,799,0.12537,0.05003,0.15001,500,0.18586,0.08396,0.25,200,0.00204,0.00123,0.2,800,0.14893,0.0883,0.2,800,0.1435,0.08854,standard
SeasonalForestSpring,001888_lcam_front_lidar.ply,0.10002,799,0.12376,0.04227,0.15001,500,0.20331,0.07351,0.25,200,0.0484,0.18394,0.2,800,0.15164,0.07809,0.2,800,0.15709,0.0796,standard
SeasonalForestSpring,001889_lcam_front_lidar.ply,0.10002,799,0.15661,0.05336,0.15001,500,0.21125,0.08442,0.25,200,0.01819,0.1952,0.2,800,0.15259,0.07896,0.2,800,0.15061,0.07663,standard
SeasonalForestSpring,001890_lcam_front_lidar.ply,0.10002,799,0.12785,0.04745,0.15001,500,0.19266,0.07874,0.25,200,0.01296,0.17966,0.2,800,0.14766,0.09658,0.2,800,0.14524,0.09616,standard
SeasonalForestSpring,001891_lcam_front_lidar.ply,0.10002,799,0.12446,0.05118,0.15001,500,0.19013,0.07561,0.25,200,0.01493,0.17202,0.2,800,0.15027,0.09269,0.2,800,0.14607,0.08743,standard
SeasonalForestSpring,001892_lcam_front_lidar.ply,0.10002,799,0.11637,0.04788,0.15001,500,0.18579,0.06748,0.25,200,0.01443,0.15041,0.2,800,0.13676,0.075,0.25,800,0.16042,0.10523,standard
SeasonalForestSpring,001893_lcam_front_lidar.ply,0.10002,799,0.11424,0.05587,0.15001,500,0.18344,0.07601,0.25,200,0.00265,0.02395,0.2,800,0.14114,0.09446,0.2,800,0.13894,0.08214,standard
SeasonalForestSpring,001894_lcam_front_lidar.ply,0.10002,799,0.11804,0.05259,0.15001,500,0.18184,0.07594,0.25,200,0.02148,0.20233,0.2,800,0.13547,0.08395,0.2,800,0.13672,0.09096,standard
SeasonalForestSpring,001895_lcam_front_lidar.ply,0.10002,799,0.11232,0.05487,0.15001,500,0.18231,0.07838,0.25,200,0.01898,0.20211,0.2,800,0.13795,0.08079,0.2,800,0.1369,0.08182,standard
SeasonalForestSpring,001896_lcam_front_lidar.ply,0.10002,799,0.13272,0.04866,0.15001,500,0.1924,0.07681,0.25,200,0.24982,0.14195,0.2,800,0.13799,0.08488,0.2,800,0.13882,0.08164,loose
SeasonalForestSpring,001897_lcam_front_lidar.ply,0.10002,799,0.13654,0.05505,0.15001,500,0.19787,0.08038,0.25,200,0.00416,0.1064,0.2,800,0.13246,0.07658,0.2,800,0.13947,0.08731,standard
SeasonalForestSpring,001898_lcam_front_lidar.ply,0.10002,799,0.12455,0.05475,0.15001,500,0.18937,0.08704,0.25,200,0.01519,0.16054,0.2,800,0.1297,0.08089,0.2,800,0.1297,0.08089,standard
SeasonalForestSpring,001899_lcam_front_lidar.ply,0.10002,799,0.15799,0.06204,0.15001,500,0.19031,0.08637,0.25,200,0.01783,0.1907,0.2,800,0.13341,0.08288,0.2,800,0.13722,0.08787,standard
SeasonalForestSpring,001900_lcam_front_lidar.ply,0.10002,799,0.14444,0.05995,0.15001,500,0.19788,0.08911,0.25,200,0.00118,0.28939,0.2,800,0.13225,0.07758,0.2,800,0.13435,0.0813,standard
SeasonalForestSpring,001901_lcam_front_lidar.ply,0.10002,799,0.1523,0.05981,0.15001,500,0.20759,0.08504,0.25,200,0.00608,0.09105,0.2,800,0.14556,0.08811,0.25,800,0.16005,0.12018,standard
SeasonalForestSpring,001902_lcam_front_lidar.ply,0.10002,799,0.15105,0.06098,0.15001,500,0.19777,0.0855,0.25,200,0.01778,0.21423,0.2,800,0.13885,0.08639,0.2,800,0.14113,0.09186,standard
SeasonalForestSpring,001903_lcam_front_lidar.ply,0.10002,799,0.15794,0.06586,0.15001,500,0.20265,0.09906,0.25,200,0.02003,0.18816,0.2,800,0.13732,0.09787,0.2,800,0.1384,0.10217,standard
SeasonalForestSpring,001904_lcam_front_lidar.ply,0.10002,799,0.15687,0.05997,0.15001,500,0.20321,0.09389,0.25,200,0.0038,0.0013,0.2,800,0.14864,0.10099,0.25,800,0.15887,0.11753,standard
SeasonalForestSpring,001905_lcam_front_lidar.ply,0.10002,799,0.15436,0.06222,0.15001,500,0.20714,0.09002,0.25,200,0.00436,0.00193,0.2,800,0.15216,0.09879,0.2,800,0.14704,0.09731,standard
SeasonalForestSpring,001906_lcam_front_lidar.ply,0.10002,799,0.15218,0.05961,0.15001,500,0.18341,0.08873,0.25,200,0.01365,0.17766,0.2,800,0.14971,0.09219,0.25,800,0.16551,0.12854,standard
SeasonalForestSpring,001907_lcam_front_lidar.ply,0.10002,799,0.09416,0.06746,0.15001,500,0.17773,0.08778,0.25,200,0.00848,0.13647,0.2,800,0.14335,0.09175,0.2,800,0.14627,0.09554,standard
SeasonalForestSpring,001908_lcam_front_lidar.ply,0.10002,799,0.14929,0.06397,0.15001,500,0.19966,0.09009,0.25,200,0.01901,0.17701,0.2,800,0.13744,0.08353,0.25,800,0.16053,0.12012,standard
SeasonalForestSpring,001909_lcam_front_lidar.ply,0.10002,799,0.14845,0.06122,0.15001,500,0.20805,0.08945,0.25,200,0.0104,0.16355,0.2,800,0.144,0.09045,0.25,800,0.16288,0.12138,standard
SeasonalForestSpring,001910_lcam_front_lidar.ply,0.10002,799,0.14887,0.06394,0.15001,500,0.20348,0.0915,0.25,200,0.01727,0.13999,0.2,800,0.14195,0.08024,0.25,800,0.1552,0.09686,standard
SeasonalForestSpring,001911_lcam_front_lidar.ply,0.10002,799,0.14695,0.06636,0.15001,500,0.2017,0.08886,0.25,200,0.02371,0.18334,0.2,800,0.14334,0.08716,0.25,800,0.15609,0.10953,standard
SeasonalForestSpring,001912_lcam_front_lidar.ply,0.10002,799,0.13264,0.07163,0.15001,500,0.2011,0.10367,0.25,200,0.01153,0.13255,0.2,800,0.13493,0.08818,0.25,800,0.15867,0.11814,standard
SeasonalForestSpring,001913_lcam_front_lidar.ply,0.10002,799,0.14953,0.06753,0.15001,500,0.20079,0.09677,0.25,200,0.00456,0.21253,0.2,800,0.13971,0.09064,0.2,800,0.13618,0.0922,standard
SeasonalForestSpring,001914_lcam_front_lidar.ply,0.10002,799,0.07684,0.08014,0.15001,500,0.18941,0.09285,0.25,200,0.00465,0.34244,0.2,800,0.13411,0.09519,0.25,800,0.16079,0.12341,standard
SeasonalForestSpring,001915_lcam_front_lidar.ply,0.10002,799,0.15001,0.06871,0.15001,500,0.21613,0.10368,0.25,200,0.00217,0.01144,0.2,800,0.14454,0.09434,0.25,800,0.17178,0.12765,standard
SeasonalForestSpring,001916_lcam_front_lidar.ply,0.10002,799,0.0554,0.07652,0.15001,500,0.19147,0.11323,0.25,200,0.01219,0.16189,0.2,800,0.14245,0.10564,0.25,800,0.17076,0.1388,standard
SeasonalForestSpring,001917_lcam_front_lidar.ply,0.10002,799,0.14515,0.06962,0.15001,500,0.20791,0.10609,0.25,200,0.01095,0.17232,0.2,800,0.15372,0.09807,0.25,800,0.17379,0.13593,standard
SeasonalForestSpring,001918_lcam_front_lidar.ply,0.10002,799,0.13695,0.07195,0.15001,500,0.01495,0.0771,0.25,200,0.00151,0.00078,0.2,800,0.14589,0.10538,0.25,800,0.17569,0.14684,rl_v2_reward
SeasonalForestSpring,001919_lcam_front_lidar.ply,0.10002,799,0.06295,0.08707,0.15001,500,0.20022,0.12106,0.25,200,0.00168,0.00503,0.2,800,0.0784,0.14304,0.25,800,0.16921,0.14995,standard
SeasonalForestSpring,001920_lcam_front_lidar.ply,0.10002,799,0.12434,0.06993,0.15001,500,0.20216,0.11928,0.25,200,0.00805,0.10686,0.2,800,0.14354,0.11189,0.25,800,0.16609,0.15254,standard
SeasonalForestSpring,001921_lcam_front_lidar.ply,0.10002,799,0.07935,0.09219,0.15001,500,0.20239,0.11893,0.25,200,0.01043,0.1366,0.2,800,0.15159,0.12504,0.2,800,0.15425,0.13016,standard
SeasonalForestSpring,001922_lcam_front_lidar.ply,0.10002,799,0.14202,0.08208,0.15001,500,0.21327,0.12966,0.25,200,0.00151,0.25894,0.2,800,0.15382,0.12463,0.2,800,0.15238,0.11483,standard
SeasonalForestSpring,001923_lcam_front_lidar.ply,0.10002,799,0.07672,0.08069,0.15001,500,0.219,0.12522,0.25,200,0.01398,0.1348,0.2,800,0.14314,0.11113,0.25,800,0.17288,0.14277,standard
SeasonalForestSpring,001924_lcam_front_lidar.ply,0.10002,799,0.04606,0.06044,0.15001,500,0.172,0.11731,0.25,200,0.01695,0.18006,0.2,800,0.132,0.12392,0.25,800,0.16187,0.15792,standard
SeasonalForestSpring,001925_lcam_front_lidar.ply,0.10002,799,0.07892,0.092,0.15001,500,0.21327,0.13134,0.25,200,0.01855,0.15486,0.2,800,0.08064,0.12433,0.2,800,0.08144,0.12351,standard
SeasonalForestSpring,001926_lcam_front_lidar.ply,0.10002,799,0.07037,0.08792,0.15001,500,0.21448,0.13087,0.25,200,0.01403,0.13492,0.2,800,0.07962,0.14518,0.25,800,0.16275,0.15462,standard
SeasonalForestSpring,001927_lcam_front_lidar.ply,0.10002,799,0.06704,0.09944,0.15001,500,0.09811,0.13479,0.25,200,0.26783,0.20869,0.2,800,0.06555,0.13465,0.25,800,0.16585,0.16661,loose
SeasonalForestSpring,001928_lcam_front_lidar.ply,0.10002,799,0.06384,0.0799,0.15001,500,0.18134,0.13613,0.25,200,0.2705,0.20547,0.2,800,0.14099,0.13208,0.25,800,0.17035,0.1652,loose
SeasonalForestSpring,001929_lcam_front_lidar.ply,0.10002,799,0.06689,0.08077,0.15001,500,0.19017,0.14029,0.25,200,0.00685,0.1364,0.2,800,0.1465,0.12419,0.25,800,0.16971,0.17453,standard
SeasonalForestSpring,001930_lcam_front_lidar.ply,0.10002,799,0.02048,0.04209,0.15001,500,0.16671,0.18065,0.25,200,0.00715,0.12367,0.2,800,0.14646,0.12561,0.2,800,0.14312,0.1203,standard
SeasonalForestSpring,001931_lcam_front_lidar.ply,0.10002,799,0.05949,0.08156,0.15001,500,0.09987,0.13503,0.25,200,0.28098,0.21189,0.2,800,0.12429,0.09822,0.25,800,0.16574,0.1731,loose
SeasonalForestSpring,001932_lcam_front_lidar.ply,0.10002,799,0.07071,0.08085,0.15001,500,0.19422,0.14867,0.25,200,0.28095,0.20932,0.2,800,0.14581,0.13522,0.2,800,0.1423,0.13393,loose
SeasonalForestSpring,001933_lcam_front_lidar.ply,0.10002,799,0.07106,0.08134,0.15001,500,0.01825,0.02709,0.25,200,0.27994,0.21841,0.2,800,0.1261,0.13466,0.25,800,0.16174,0.1705,loose
SeasonalForestSpring,001934_lcam_front_lidar.ply,0.10002,799,0.01903,0.02562,0.15001,500,0.01903,0.02562,0.25,200,0.00259,0.00147,0.2,800,0.15008,0.14524,0.25,800,0.16354,0.17275,rl_v2_reward
SeasonalForestSpring,001935_lcam_front_lidar.ply,0.10002,799,0.05035,0.08037,0.15001,500,0.01669,0.02851,0.25,200,0.0096,0.16474,0.2,800,0.13481,0.15763,0.25,800,0.15872,0.17495,rl_v2_reward
SeasonalForestSpring,001936_lcam_front_lidar.ply,0.10002,799,0.06776,0.07823,0.15001,500,0.18995,0.13596,0.25,200,0.01099,0.18606,0.2,800,0.13603,0.14816,0.25,800,0.16326,0.18461,standard
SeasonalForestSpring,001937_lcam_front_lidar.ply,0.10002,799,0.06703,0.07012,0.15001,500,0.00085,0.1206,0.25,200,0.01714,0.23827,0.2,800,0.14326,0.14545,0.25,800,0.16217,0.18167,rl_v2_reward
SeasonalForestSpring,001938_lcam_front_lidar.ply,0.10002,799,0.06843,0.07529,0.15001,500,0.01556,0.02844,0.25,200,0.01294,0.16831,0.2,800,0.14067,0.14864,0.25,800,0.1635,0.17899,rl_v2_reward
SeasonalForestSpring,001939_lcam_front_lidar.ply,0.10002,799,0.07728,0.08993,0.15001,500,0.0009,0.00017,0.25,200,0.00518,0.00685,0.2,800,0.14258,0.13399,0.25,800,0.17097,0.18962,rl_v2_reward
SeasonalForestSpring,001940_lcam_front_lidar.ply,0.10002,799,0.06582,0.07006,0.15001,500,0.01324,0.0238,0.25,200,0.00541,0.00094,0.2,800,0.14791,0.15482,0.25,800,0.16448,0.18549,rl_v2_reward
SeasonalForestSpring,001941_lcam_front_lidar.ply,0.10002,799,0.07669,0.08343,0.15001,500,0.00799,0.08973,0.25,200,0.00367,0.01581,0.2,800,0.12808,0.13018,0.25,800,0.17201,0.18876,rl_v2_reward
SeasonalForestSpring,001942_lcam_front_lidar.ply,0.10002,799,0.06992,0.0723,0.15001,500,0.00119,0.07061,0.25,200,0.00373,0.00463,0.2,800,0.13977,0.15749,0.25,800,0.17628,0.20121,rl_v2_reward
SeasonalForestSpring,001943_lcam_front_lidar.ply,0.10002,799,0.07834,0.07405,0.15001,500,0.19781,0.13898,0.25,200,0.00542,0.00225,0.2,800,0.14301,0.16431,0.25,800,0.18219,0.20852,standard
SeasonalForestSpring,001944_lcam_front_lidar.ply,0.10002,799,0.07117,0.07007,0.15001,500,0.12272,0.12371,0.25,200,0.00531,0.00342,0.2,800,0.13292,0.16678,0.25,800,0.16955,0.19786,rl_v2_reward
SeasonalForestSpring,001945_lcam_front_lidar.ply,0.10002,799,0.07939,0.07587,0.15001,500,0.19782,0.13865,0.25,200,0.0008,0.00288,0.2,800,0.14647,0.17192,0.25,800,0.18616,0.21067,standard
SeasonalForestSpring,001946_lcam_front_lidar.ply,0.10002,799,0.06418,0.06423,0.15001,500,0.19108,0.13855,0.25,200,0.00495,0.00122,0.2,800,0.14515,0.17066,0.25,800,0.17999,0.20977,standard
SeasonalForestSpring,001947_lcam_front_lidar.ply,0.10002,799,0.06922,0.06623,0.15001,500,0.19392,0.13857,0.25,200,0.00517,0.00129,0.2,800,0.15052,0.17064,0.25,800,0.18434,0.21329,standard
SeasonalForestSpring,001948_lcam_front_lidar.ply,0.10002,799,0.07149,0.06983,0.15001,500,0.18956,0.13068,0.25,200,0.00541,0.0027,0.2,800,0.1455,0.16181,0.25,800,0.17009,0.19495,standard
SeasonalForestSpring,001949_lcam_front_lidar.ply,0.10002,799,0.0812,0.07013,0.15001,500,0.21235,0.13938,0.25,200,0.00195,0.00674,0.2,800,0.16346,0.16621,0.2,800,0.16567,0.17086,standard
SeasonalForestSpring,001950_lcam_front_lidar.ply,0.10002,799,0.08441,0.07241,0.15001,500,0.21316,0.14046,0.25,200,0.00511,0.00221,0.2,800,0.15595,0.15944,0.25,800,0.18683,0.19084,standard
SeasonalForestSpring,001951_lcam_front_lidar.ply,0.10002,799,0.05967,0.07674,0.15001,500,0.17714,0.1207,0.25,200,0.00493,0.00105,0.2,800,0.15238,0.17388,0.25,800,0.17382,0.18855,standard
SeasonalForestSpring,001952_lcam_front_lidar.ply,0.10002,799,0.07704,0.07993,0.15001,500,0.19416,0.15142,0.25,200,0.00412,0.15056,0.2,800,0.15011,0.17573,0.2,800,0.15058,0.17681,standard
SeasonalForestSpring,001953_lcam_front_lidar.ply,0.10002,799,0.07403,0.07927,0.15001,500,0.19086,0.14561,0.25,200,0.00452,0.00165,0.2,800,0.14583,0.17225,0.2,800,0.15485,0.17794,standard
SeasonalForestSpring,001954_lcam_front_lidar.ply,0.10002,799,0.08318,0.08683,0.15001,500,0.19967,0.14431,0.25,200,0.01352,0.34186,0.2,800,0.15261,0.17206,0.25,800,0.1721,0.18367,standard
SeasonalForestSpring,001955_lcam_front_lidar.ply,0.10002,799,0.05312,0.07285,0.15001,500,0.19711,0.15074,0.25,200,0.00437,0.00571,0.2,800,0.14627,0.17486,0.25,800,0.16571,0.18479,standard
SeasonalForestSpring,001956_lcam_front_lidar.ply,0.10002,799,0.06273,0.08629,0.15001,500,0.19756,0.14759,0.25,200,0.00692,0.19031,0.2,800,0.14104,0.16108,0.25,800,0.16985,0.17727,standard
SeasonalForestSpring,001957_lcam_front_lidar.ply,0.10002,799,0.05663,0.06885,0.15001,500,0.20976,0.14834,0.25,200,0.00497,0.16019,0.2,800,0.15241,0.1618,0.25,800,0.17404,0.17717,standard
SeasonalForestSpring,001958_lcam_front_lidar.ply,0.10002,799,0.06725,0.08896,0.15001,500,0.20164,0.14418,0.25,200,0.0041,0.00276,0.2,800,0.14778,0.15651,0.2,800,0.14736,0.15745,standard
SeasonalForestSpring,001959_lcam_front_lidar.ply,0.10002,799,0.06628,0.08804,0.15001,500,0.20877,0.14452,0.25,200,0.00441,0.00101,0.2,800,0.14357,0.15542,0.2,800,0.15737,0.1566,standard
SeasonalForestSpring,001960_lcam_front_lidar.ply,0.10002,799,0.06424,0.07055,0.15001,500,0.18877,0.12666,0.25,200,0.00231,0.00157,0.2,800,0.14916,0.16182,0.25,800,0.16553,0.18087,standard
SeasonalForestSpring,001961_lcam_front_lidar.ply,0.10002,799,0.06421,0.07034,0.15001,500,0.14448,0.09584,0.25,200,0.00534,0.00224,0.2,800,0.14378,0.16125,0.2,800,0.14258,0.1598,standard
SeasonalForestSpring,001962_lcam_front_lidar.ply,0.10002,799,0.06313,0.07263,0.15001,500,0.19445,0.1364,0.25,200,0.00353,0.00219,0.2,800,0.15094,0.16468,0.25,800,0.16238,0.18154,standard
SeasonalForestSpring,001963_lcam_front_lidar.ply,0.10002,799,0.06897,0.08625,0.15001,500,0.1877,0.12311,0.25,200,0.00814,0.0108,0.2,800,0.15071,0.16004,0.2,800,0.15559,0.16497,standard
SeasonalForestSpring,001964_lcam_front_lidar.ply,0.10002,799,0.06076,0.07266,0.15001,500,0.19404,0.14479,0.25,200,0.00589,0.00208,0.2,800,0.15568,0.17098,0.25,800,0.16006,0.17925,standard
SeasonalForestSpring,001965_lcam_front_lidar.ply,0.10002,799,0.06456,0.07595,0.15001,500,0.18795,0.1329,0.25,200,0.00631,0.0037,0.2,800,0.15271,0.16804,0.25,800,0.16668,0.17675,standard
SeasonalForestSpring,001966_lcam_front_lidar.ply,0.10002,799,0.06267,0.07648,0.15001,500,0.20405,0.14694,0.25,200,0.00399,0.00302,0.2,800,0.15081,0.16373,0.25,800,0.16635,0.17869,standard
SeasonalForestSpring,001967_lcam_front_lidar.ply,0.10002,799,0.06258,0.06864,0.15001,500,0.19974,0.1427,0.25,200,0.00806,0.00717,0.2,800,0.15152,0.16384,0.25,800,0.1616,0.17248,standard
SeasonalForestSpring,001968_lcam_front_lidar.ply,0.10002,799,0.10449,0.0641,0.15001,500,0.20166,0.14321,0.25,200,0.00753,0.00429,0.2,800,0.16,0.16417,0.25,800,0.17481,0.17508,standard
SeasonalForestSpring,001969_lcam_front_lidar.ply,0.10002,799,0.07446,0.05581,0.15001,500,0.19472,0.13798,0.25,200,0.00609,0.00186,0.2,800,0.15191,0.16047,0.25,800,0.15976,0.16984,standard
SeasonalForestSpring,001970_lcam_front_lidar.ply,0.10002,799,0.07992,0.10052,0.15001,500,0.00058,8e-05,0.25,200,0.00645,0.00293,0.2,800,0.15217,0.15602,0.2,800,0.15282,0.15476,rl_v2_reward
SeasonalForestSpring,001971_lcam_front_lidar.ply,0.10002,799,0.10072,0.10052,0.15001,500,0.19114,0.13751,0.25,200,0.0063,0.00241,0.2,800,0.14769,0.15999,0.25,800,0.16615,0.17399,standard
SeasonalForestSpring,001972_lcam_front_lidar.ply,0.10002,799,0.06883,0.07521,0.15001,500,0.18847,0.13062,0.25,200,0.00429,0.00453,0.2,800,0.14791,0.1566,0.25,800,0.16522,0.17029,standard
SeasonalForestSpring,001973_lcam_front_lidar.ply,0.10002,799,0.064,0.07284,0.15001,500,0.18344,0.14344,0.25,200,0.00873,0.15159,0.2,800,0.14217,0.15034,0.25,800,0.16236,0.17,standard
SeasonalForestSpring,001974_lcam_front_lidar.ply,0.10002,799,0.08608,0.06742,0.15001,500,0.16451,0.127,0.25,200,0.00311,0.00199,0.2,800,0.14661,0.1596,0.25,800,0.16147,0.17184,standard
SeasonalForestSpring,001975_lcam_front_lidar.ply,0.10002,799,0.08049,0.06242,0.15001,500,0.19126,0.13548,0.25,200,0.00851,0.17793,0.2,800,0.15838,0.15661,0.25,800,0.174,0.18782,standard
SeasonalForestSpring,001976_lcam_front_lidar.ply,0.10002,799,0.08322,0.06505,0.15001,500,0.17071,0.12273,0.25,200,0.00651,0.00484,0.2,800,0.12648,0.15071,0.25,800,0.16822,0.18038,standard
SeasonalForestSpring,001977_lcam_front_lidar.ply,0.10002,799,0.08447,0.0734,0.15001,500,0.16811,0.14832,0.25,200,0.00642,0.00171,0.2,800,0.13561,0.16108,0.2,800,0.14281,0.16137,standard
SeasonalForestSpring,001978_lcam_front_lidar.ply,0.10002,799,0.08039,0.06575,0.15001,500,0.17403,0.1401,0.25,200,0.0108,0.21747,0.2,800,0.14093,0.15561,0.2,800,0.13665,0.15151,standard
SeasonalForestSpring,001979_lcam_front_lidar.ply,0.10002,799,0.08749,0.07282,0.15001,500,0.01758,0.06239,0.25,200,0.00633,0.00179,0.2,800,0.15454,0.1606,0.25,800,0.178,0.17902,rl_v2_reward
SeasonalForestSpring,001980_lcam_front_lidar.ply,0.10002,799,0.07996,0.06788,0.15001,500,0.01671,0.06282,0.25,200,0.00619,0.00233,0.2,800,0.11452,0.15648,0.2,800,0.13258,0.16676,rl_v2_reward
SeasonalForestSpring,001981_lcam_front_lidar.ply,0.10002,799,0.08107,0.07323,0.15001,500,0.1529,0.1392,0.25,200,0.00514,0.00307,0.2,800,0.11237,0.13546,0.25,800,0.17041,0.18328,rl_v2_reward
SeasonalForestSpring,001982_lcam_front_lidar.ply,0.10002,799,0.07475,0.06823,0.15001,500,0.00643,0.09354,0.25,200,0.00582,0.00145,0.2,800,0.13171,0.15394,0.25,800,0.1621,0.1856,rl_v2_reward
SeasonalForestSpring,001983_lcam_front_lidar.ply,0.10002,799,0.07701,0.06835,0.15001,500,0.14605,0.14231,0.25,200,0.00256,0.00126,0.2,800,0.12994,0.15513,0.25,800,0.17392,0.18418,rl_v2_reward
SeasonalForestSpring,001984_lcam_front_lidar.ply,0.10002,799,0.07249,0.0685,0.15001,500,0.01861,0.06687,0.25,200,0.00427,0.00197,0.2,800,0.13346,0.1546,0.25,800,0.17699,0.17999,rl_v2_reward
SeasonalForestSpring,001985_lcam_front_lidar.ply,0.10002,799,0.10092,0.08932,0.15001,500,0.02025,0.08145,0.25,200,0.00546,0.00125,0.2,800,0.14926,0.14762,0.25,800,0.17406,0.16986,rl_v2_reward
SeasonalForestSpring,001986_lcam_front_lidar.ply,0.10002,799,0.1009,0.08869,0.15001,500,0.01708,0.07805,0.25,200,0.00592,0.00217,0.2,800,0.13508,0.14722,0.25,800,0.16394,0.16459,rl_v2_reward
SeasonalForestSpring,001987_lcam_front_lidar.ply,0.10002,799,0.09491,0.08851,0.15001,500,0.15664,0.14021,0.25,200,0.00233,0.00078,0.2,800,0.1549,0.15238,0.25,800,0.18325,0.16912,rl_v2_reward
SeasonalForestSpring,001988_lcam_front_lidar.ply,0.10002,799,0.10414,0.09014,0.15001,500,0.1941,0.14076,0.25,200,0.28791,0.20867,0.2,800,0.142,0.14454,0.25,800,0.17319,0.15824,loose
SeasonalForestSpring,001989_lcam_front_lidar.ply,0.10002,799,0.08476,0.08921,0.15001,500,0.12602,0.13621,0.25,200,0.01079,0.18074,0.2,800,0.15934,0.14964,0.25,800,0.18201,0.16494,rl_v2_reward
SeasonalForestSpring,001990_lcam_front_lidar.ply,0.10002,799,0.08569,0.07473,0.15001,500,0.19047,0.14633,0.25,200,0.28143,0.20315,0.2,800,0.15531,0.14841,0.2,800,0.14528,0.14734,loose
SeasonalForestSpring,001991_lcam_front_lidar.ply,0.10002,799,0.10733,0.0909,0.15001,500,0.19801,0.15525,0.25,200,0.28867,0.2029,0.2,800,0.15603,0.14874,0.25,800,0.1745,0.15862,loose
SeasonalForestSpring,001992_lcam_front_lidar.ply,0.10002,799,0.12856,0.09626,0.15001,500,0.2093,0.14299,0.25,200,0.2942,0.19526,0.2,800,0.15227,0.14686,0.25,800,0.18234,0.16029,loose
SeasonalForestSpring,001993_lcam_front_lidar.ply,0.10002,799,0.09355,0.08653,0.15001,500,0.20132,0.14363,0.25,200,0.28149,0.19859,0.2,800,0.15089,0.14259,0.25,800,0.17556,0.16032,loose
SeasonalForestSpring,001994_lcam_front_lidar.ply,0.10002,799,0.08205,0.08861,0.15001,500,0.18597,0.13753,0.25,200,0.27059,0.1952,0.2,800,0.14789,0.1451,0.25,800,0.17274,0.15491,loose
SeasonalForestSpring,001995_lcam_front_lidar.ply,0.10002,799,0.08631,0.08572,0.15001,500,0.20313,0.13282,0.25,200,0.00259,0.07174,0.2,800,0.1569,0.14252,0.25,800,0.17645,0.15912,standard
SeasonalForestSpring,001996_lcam_front_lidar.ply,0.10002,799,0.12311,0.09259,0.15001,500,0.20001,0.13291,0.25,200,0.00559,0.00247,0.2,800,0.16055,0.13909,0.25,800,0.18097,0.15728,standard
SeasonalForestSpring,001997_lcam_front_lidar.ply,0.10002,799,0.09405,0.08186,0.15001,500,0.20442,0.13606,0.25,200,0.00515,0.00178,0.2,800,0.15088,0.13791,0.25,800,0.17079,0.15203,standard
SeasonalForestSpring,001998_lcam_front_lidar.ply,0.10002,799,0.14019,0.09212,0.15001,500,0.19563,0.12901,0.25,200,0.28573,0.18635,0.2,800,0.15627,0.13132,0.25,800,0.17302,0.14996,loose
SeasonalForestSpring,001999_lcam_front_lidar.ply,0.10002,799,0.11649,0.09162,0.15001,500,0.20193,0.11956,0.25,200,0.28997,0.18484,0.2,800,0.15842,0.13446,0.25,800,0.17799,0.14879,loose
SeasonalForestSpring,002000_lcam_front_lidar.ply,0.10002,799,0.12863,0.08926,0.15001,500,0.19439,0.11969,0.25,200,0.2792,0.17974,0.2,800,0.16109,0.12766,0.25,800,0.17786,0.14432,loose
SeasonalForestSpring,002001_lcam_front_lidar.ply,0.10002,799,0.15497,0.08844,0.15001,500,0.20412,0.12056,0.25,200,0.00235,0.15008,0.2,800,0.16194,0.1377,0.2,800,0.16218,0.1384,standard
SeasonalForestSpring,002002_lcam_front_lidar.ply,0.10002,799,0.14097,0.08813,0.15001,500,0.20154,0.12587,0.25,200,0.00487,0.01028,0.2,800,0.14985,0.12962,0.2,800,0.16093,0.12599,standard
SeasonalForestSpring,002003_lcam_front_lidar.ply,0.10002,799,0.14072,0.08383,0.15001,500,0.2001,0.1191,0.25,200,0.27052,0.1733,0.2,800,0.15268,0.12041,0.25,800,0.16716,0.13549,loose
SeasonalForestSpring,002004_lcam_front_lidar.ply,0.10002,799,0.14625,0.08564,0.15001,500,0.19882,0.11944,0.25,200,0.26964,0.17243,0.2,800,0.14747,0.11789,0.2,800,0.16117,0.12168,loose
SeasonalForestSpring,002005_lcam_front_lidar.ply,0.10002,799,0.078,0.06311,0.15001,500,0.21707,0.12224,0.25,200,0.27604,0.17339,0.2,800,0.16678,0.128,0.2,800,0.16653,0.12613,loose
SeasonalForestSpring,002006_lcam_front_lidar.ply,0.10002,799,0.06887,0.06434,0.15001,500,0.19701,0.12539,0.25,200,0.00912,0.25293,0.2,800,0.1639,0.12681,0.2,800,0.16708,0.12881,standard
SeasonalForestSpring,002007_lcam_front_lidar.ply,0.10002,799,0.09256,0.08185,0.15001,500,0.21421,0.12827,0.25,200,0.27695,0.17546,0.2,800,0.16007,0.12105,0.25,800,0.17264,0.13463,loose
SeasonalForestSpring,002008_lcam_front_lidar.ply,0.10002,799,0.06653,0.07238,0.15001,500,0.20112,0.11994,0.25,200,0.00263,0.013,0.2,800,0.16572,0.12421,0.2,800,0.16303,0.1274,standard
SeasonalForestSpring,002009_lcam_front_lidar.ply,0.10002,799,0.09325,0.09848,0.15001,500,0.20688,0.12861,0.25,200,0.27774,0.18004,0.2,800,0.17081,0.1254,0.2,800,0.16946,0.12727,loose
SeasonalForestSpring,002010_lcam_front_lidar.ply,0.10002,799,0.07479,0.08358,0.15001,500,0.20129,0.12471,0.25,200,0.27467,0.18285,0.2,800,0.15806,0.12338,0.2,800,0.16434,0.12699,loose
SeasonalForestSpring,002011_lcam_front_lidar.ply,0.10002,799,0.06263,0.07922,0.15001,500,0.21381,0.13354,0.25,200,0.27281,0.18022,0.2,800,0.16744,0.12449,0.2,800,0.16697,0.12563,loose
SeasonalForestSpring,002012_lcam_front_lidar.ply,0.10002,799,0.05983,0.07879,0.15001,500,0.20582,0.13407,0.25,200,0.00551,0.23211,0.2,800,0.17029,0.12276,0.2,800,0.1681,0.12977,standard
SeasonalForestSpring,002013_lcam_front_lidar.ply,0.10002,799,0.04965,0.08026,0.15001,500,0.21299,0.13378,0.25,200,0.26262,0.17409,0.2,800,0.16053,0.12709,0.2,800,0.15328,0.11994,loose
SeasonalForestSpring,002014_lcam_front_lidar.ply,0.10002,799,0.0515,0.10441,0.15001,500,0.21471,0.13771,0.25,200,0.27718,0.1898,0.2,800,0.16399,0.12941,0.2,800,0.15948,0.12641,loose
SeasonalForestSpring,002015_lcam_front_lidar.ply,0.10002,799,0.06729,0.09521,0.15001,500,0.21584,0.13621,0.25,200,0.0062,0.27567,0.2,800,0.16496,0.1317,0.2,800,0.1673,0.13,standard
SeasonalForestSpring,002016_lcam_front_lidar.ply,0.10002,799,0.05427,0.08777,0.15001,500,0.21477,0.13503,0.25,200,0.00121,0.10695,0.2,800,0.1558,0.12833,0.2,800,0.15025,0.12693,standard
SeasonalForestSpring,002017_lcam_front_lidar.ply,0.10002,799,0.04422,0.09106,0.15001,500,0.22044,0.13523,0.25,200,0.27936,0.18784,0.2,800,0.15329,0.12709,0.2,800,0.14963,0.12587,loose
SeasonalForestSpring,002018_lcam_front_lidar.ply,0.10002,799,0.03618,0.07172,0.15001,500,0.21645,0.13362,0.25,200,0.26179,0.17404,0.2,800,0.15956,0.12822,0.2,800,0.1581,0.12674,loose
SeasonalForestSpring,002019_lcam_front_lidar.ply,0.10002,799,0.04803,0.11784,0.15001,500,0.20656,0.13975,0.25,200,0.26516,0.17913,0.2,800,0.16093,0.12648,0.2,800,0.16224,0.12902,loose
SeasonalForestSpring,002020_lcam_front_lidar.ply,0.10002,799,0.06447,0.09288,0.15001,500,0.22374,0.14083,0.25,200,0.2795,0.18308,0.2,800,0.16386,0.13769,0.2,800,0.15942,0.13746,loose
SeasonalForestSpring,002021_lcam_front_lidar.ply,0.10002,799,0.07117,0.11774,0.15001,500,0.21216,0.13304,0.25,200,0.271,0.18184,0.2,800,0.15517,0.12948,0.2,800,0.15788,0.12785,loose
SeasonalForestSpring,002022_lcam_front_lidar.ply,0.10002,799,0.07231,0.10275,0.15001,500,0.21823,0.13482,0.25,200,0.0091,0.19536,0.2,800,0.14641,0.12859,0.25,800,0.16682,0.1473,standard
SeasonalForestSpring,002023_lcam_front_lidar.ply,0.10002,799,0.11728,0.10037,0.15001,500,0.21532,0.13945,0.25,200,0.00425,0.00192,0.2,800,0.15851,0.13418,0.2,800,0.15907,0.13455,standard
SeasonalForestSpring,002024_lcam_front_lidar.ply,0.10002,799,0.05959,0.10701,0.15001,500,0.21806,0.13248,0.25,200,0.26538,0.17056,0.2,800,0.15999,0.1351,0.2,800,0.16029,0.13644,loose
SeasonalForestSpring,002025_lcam_front_lidar.ply,0.10002,799,0.0275,0.08951,0.15001,500,0.22588,0.13157,0.25,200,0.00089,0.00062,0.2,800,0.16491,0.1315,0.2,800,0.16378,0.12854,standard
SeasonalForestSpring,002026_lcam_front_lidar.ply,0.10002,799,0.05175,0.08154,0.15001,500,0.22477,0.13881,0.25,200,0.25826,0.1742,0.2,800,0.16932,0.14079,0.2,800,0.17065,0.14007,loose
SeasonalForestSpring,002027_lcam_front_lidar.ply,0.10002,799,0.04758,0.08314,0.15001,500,0.2198,0.13292,0.25,200,0.01024,0.19289,0.2,800,0.16223,0.13386,0.2,800,0.1655,0.13273,standard
SeasonalForestSpring,002028_lcam_front_lidar.ply,0.10002,799,0.04233,0.09507,0.15001,500,0.21655,0.13028,0.25,200,0.28091,0.1735,0.2,800,0.16336,0.13265,0.25,800,0.17412,0.13899,loose
SeasonalForestSpring,002029_lcam_front_lidar.ply,0.10002,799,0.0372,0.07867,0.15001,500,0.21642,0.1248,0.25,200,0.27854,0.17056,0.2,800,0.16711,0.13218,0.25,800,0.18305,0.14003,loose
SeasonalForestSpring,002030_lcam_front_lidar.ply,0.10002,799,0.03432,0.07634,0.15001,500,0.21734,0.12792,0.25,200,0.00255,0.00113,0.2,800,0.15397,0.12585,0.2,800,0.154,0.12585,standard
SeasonalForestSpring,002031_lcam_front_lidar.ply,0.10002,799,0.0048,0.00772,0.15001,500,0.22212,0.126,0.25,200,0.2808,0.1692,0.2,800,0.1614,0.12264,0.25,800,0.16751,0.13136,loose
SeasonalForestSpring,002032_lcam_front_lidar.ply,0.10002,799,0.08639,0.10009,0.15001,500,0.22244,0.12988,0.25,200,0.28153,0.17152,0.2,800,0.15712,0.12983,0.25,800,0.1691,0.13238,loose
SeasonalForestSpring,002033_lcam_front_lidar.ply,0.10002,799,0.10737,0.07862,0.15001,500,0.20832,0.12832,0.25,200,0.00498,0.31041,0.2,800,0.16783,0.13765,0.2,800,0.16509,0.13617,standard
SeasonalForestSpring,002034_lcam_front_lidar.ply,0.10002,799,0.08209,0.08721,0.15001,500,0.21974,0.125,0.25,200,0.27799,0.17255,0.2,800,0.16858,0.12913,0.2,800,0.16866,0.1287,loose
SeasonalForestSpring,002035_lcam_front_lidar.ply,0.10002,799,0.09353,0.08931,0.15001,500,0.22257,0.12445,0.25,200,0.00405,0.21777,0.2,800,0.16192,0.12978,0.2,800,0.17088,0.1324,standard
SeasonalForestSpring,002036_lcam_front_lidar.ply,0.10002,799,0.09271,0.08858,0.15001,500,0.22281,0.12231,0.25,200,0.00583,0.11468,0.2,800,0.16905,0.13075,0.25,800,0.18362,0.13739,standard
SeasonalForestSpring,002037_lcam_front_lidar.ply,0.10002,799,0.0971,0.08988,0.15001,500,0.22749,0.13331,0.25,200,0.00237,0.28106,0.2,800,0.1592,0.12728,0.25,800,0.17866,0.13555,standard
SeasonalForestSpring,002038_lcam_front_lidar.ply,0.10002,799,0.09627,0.09093,0.15001,500,0.20777,0.12465,0.25,200,0.00717,0.12111,0.2,800,0.1751,0.13116,0.2,800,0.1751,0.13116,standard
SeasonalForestSpring,002039_lcam_front_lidar.ply,0.10002,799,0.16695,0.10504,0.15001,500,0.21084,0.12123,0.25,200,0.00469,0.26592,0.2,800,0.17131,0.13369,0.25,800,0.18084,0.13967,standard
SeasonalForestSpring,002040_lcam_front_lidar.ply,0.10002,799,0.046,0.09162,0.15001,500,0.21882,0.12396,0.25,200,0.0034,0.26261,0.2,800,0.16826,0.13347,0.25,800,0.17855,0.14092,standard
SeasonalForestSpring,002041_lcam_front_lidar.ply,0.10002,799,0.15506,0.10433,0.15001,500,0.22169,0.13372,0.25,200,0.00163,0.0931,0.2,800,0.1641,0.13949,0.25,800,0.17453,0.14509,standard
SeasonalForestSpring,002042_lcam_front_lidar.ply,0.10002,799,0.11644,0.10295,0.15001,500,0.22346,0.1334,0.25,200,0.0052,0.19266,0.2,800,0.16773,0.1368,0.2,800,0.16773,0.1368,standard
SeasonalForestSpring,002043_lcam_front_lidar.ply,0.10002,799,0.13627,0.10241,0.15001,500,0.21475,0.12149,0.25,200,0.01335,0.22678,0.2,800,0.1677,0.13417,0.25,800,0.16857,0.13604,standard
SeasonalForestSpring,002044_lcam_front_lidar.ply,0.10002,799,0.09114,0.09688,0.15001,500,0.22084,0.12917,0.25,200,0.00038,0.1299,0.2,800,0.16455,0.13573,0.2,800,0.16695,0.1365,standard
SeasonalForestSpring,002045_lcam_front_lidar.ply,0.10002,799,0.09307,0.10244,0.15001,500,0.221,0.13251,0.25,200,0.27495,0.15782,0.2,800,0.16504,0.13213,0.25,800,0.17873,0.13853,loose
SeasonalForestSpring,002046_lcam_front_lidar.ply,0.10002,799,0.09482,0.09,0.15001,500,0.21584,0.12921,0.25,200,0.01494,0.15822,0.2,800,0.16736,0.13176,0.2,800,0.16717,0.13174,standard
SeasonalForestSpring,002047_lcam_front_lidar.ply,0.10002,799,0.07334,0.09383,0.15001,500,0.23464,0.13248,0.25,200,0.0099,0.12716,0.2,800,0.16354,0.13446,0.2,800,0.16717,0.13643,standard
SeasonalForestSpring,002048_lcam_front_lidar.ply,0.10002,799,0.13907,0.09937,0.15001,500,0.22494,0.12995,0.25,200,0.01345,0.08753,0.2,800,0.16654,0.13425,0.25,800,0.17431,0.1357,standard
SeasonalForestSpring,002049_lcam_front_lidar.ply,0.10002,799,0.09871,0.09648,0.15001,500,0.23088,0.13606,0.25,200,0.00207,0.26313,0.2,800,0.15957,0.13003,0.2,800,0.15954,0.13005,standard
SeasonalForestSpring,002050_lcam_front_lidar.ply,0.10002,799,0.09447,0.10969,0.15001,500,0.21306,0.13386,0.25,200,0.00164,0.00502,0.2,800,0.15961,0.1301,0.25,800,0.17009,0.13704,standard
SeasonalForestSpring,002051_lcam_front_lidar.ply,0.10002,799,0.05947,0.10536,0.15001,500,0.21753,0.13389,0.25,200,0.01253,0.34674,0.2,800,0.1552,0.13948,0.2,800,0.15786,0.14015,standard
SeasonalForestSpring,002052_lcam_front_lidar.ply,0.10002,799,0.08331,0.1066,0.15001,500,0.20417,0.13398,0.25,200,0.26534,0.16282,0.2,800,0.16325,0.13776,0.2,800,0.16325,0.13776,loose
SeasonalForestSpring,002053_lcam_front_lidar.ply,0.10002,799,0.07288,0.10264,0.15001,500,0.22295,0.12851,0.25,200,0.01295,0.13488,0.2,800,0.16469,0.13476,0.2,800,0.16421,0.13358,standard
SeasonalForestSpring,002054_lcam_front_lidar.ply,0.10002,799,0.15665,0.11215,0.15001,500,0.23162,0.13222,0.25,200,0.01754,0.2177,0.2,800,0.16625,0.13303,0.2,800,0.16625,0.13303,standard
SeasonalForestSpring,002055_lcam_front_lidar.ply,0.10002,799,0.04403,0.07246,0.15001,500,0.21469,0.13127,0.25,200,0.00509,0.15098,0.2,800,0.16474,0.13631,0.25,800,0.1716,0.13874,standard
SeasonalForestSpring,002056_lcam_front_lidar.ply,0.10002,799,0.06505,0.10661,0.15001,500,0.22255,0.12858,0.25,200,0.01496,0.22145,0.2,800,0.1632,0.13396,0.2,800,0.16601,0.13227,standard
SeasonalForestSpring,002057_lcam_front_lidar.ply,0.10002,799,0.0314,0.06395,0.15001,500,0.23353,0.13077,0.25,200,0.01601,0.18783,0.2,800,0.16664,0.13104,0.2,800,0.16658,0.13094,standard
SeasonalForestSpring,002058_lcam_front_lidar.ply,0.10002,799,0.15637,0.10332,0.15001,500,0.22313,0.1334,0.25,200,0.01867,0.22076,0.2,800,0.16862,0.13188,0.2,800,0.16761,0.13184,standard
SeasonalForestSpring,002059_lcam_front_lidar.ply,0.10002,799,0.16583,0.09163,0.15001,500,0.01715,0.13596,0.25,200,0.02154,0.23907,0.2,800,0.16489,0.12458,0.25,800,0.17565,0.13268,rl_v2_reward
SeasonalForestSpring,002060_lcam_front_lidar.ply,0.10002,799,0.0355,0.0804,0.15001,500,0.01929,0.13349,0.25,200,0.02498,0.21234,0.2,800,0.16626,0.12779,0.2,800,0.16469,0.12786,rl
SeasonalForestSpring,002061_lcam_front_lidar.ply,0.10002,799,0.17376,0.09583,0.15001,500,0.23559,0.12275,0.25,200,0.02117,0.28999,0.2,800,0.17269,0.11812,0.25,800,0.18139,0.12683,standard
SeasonalForestSpring,002062_lcam_front_lidar.ply,0.10002,799,0.09101,0.09395,0.15001,500,0.22955,0.12712,0.25,200,0.00463,0.25919,0.2,800,0.16183,0.12461,0.25,800,0.16827,0.12983,standard
SeasonalForestSpring,002063_lcam_front_lidar.ply,0.10002,799,0.08301,0.09471,0.15001,500,0.02593,0.13827,0.25,200,0.00545,0.28121,0.2,800,0.17647,0.13054,0.2,800,0.16787,0.12915,rl
SeasonalForestSpring,002064_lcam_front_lidar.ply,0.10002,799,0.083,0.09091,0.15001,500,0.02846,0.15798,0.25,200,0.03483,0.20395,0.2,800,0.17085,0.12031,0.25,800,0.1762,0.12309,rl_v2_reward
SeasonalForestSpring,002065_lcam_front_lidar.ply,0.10002,799,0.05195,0.09969,0.15001,500,0.22573,0.112,0.25,200,0.03285,0.21147,0.2,800,0.16604,0.1198,0.25,800,0.17754,0.13246,standard
SeasonalForestSpring,002066_lcam_front_lidar.ply,0.10002,799,0.18201,0.08925,0.15001,500,0.23769,0.11879,0.25,200,0.03652,0.23518,0.2,800,0.16563,0.11575,0.25,800,0.18462,0.12858,standard
SeasonalForestSpring,002067_lcam_front_lidar.ply,0.10002,799,0.10802,0.10096,0.15001,500,0.02232,0.10388,0.25,200,0.05193,0.23583,0.2,800,0.17658,0.1211,0.25,800,0.1822,0.12328,rl_v2_reward
SeasonalForestSpring,002068_lcam_front_lidar.ply,0.10002,799,0.16592,0.08947,0.15001,500,0.02571,0.10847,0.25,200,0.00897,0.31212,0.2,800,0.17152,0.11452,0.2,800,0.17122,0.11445,rl
SeasonalForestSpring,002069_lcam_front_lidar.ply,0.10002,799,0.16224,0.09006,0.15001,500,0.00788,0.0327,0.25,200,0.00888,0.10577,0.2,800,0.16969,0.11739,0.25,800,0.17961,0.12287,rl_v2_reward
SeasonalForestSpring,002070_lcam_front_lidar.ply,0.10002,799,0.17122,0.08988,0.15001,500,0.21831,0.11007,0.25,200,0.06341,0.14348,0.2,800,0.16344,0.1127,0.25,800,0.17555,0.12415,standard
SeasonalForestSpring,002071_lcam_front_lidar.ply,0.10002,799,0.16665,0.09061,0.15001,500,0.22312,0.11546,0.25,200,0.06468,0.15607,0.2,800,0.16647,0.11619,0.25,800,0.17765,0.13065,standard
SeasonalForestSpring,002072_lcam_front_lidar.ply,0.10002,799,0.05341,0.09198,0.15001,500,0.22355,0.11116,0.25,200,0.06522,0.14378,0.2,800,0.18178,0.12028,0.2,800,0.18314,0.12197,standard
SeasonalForestSpring,002073_lcam_front_lidar.ply,0.10002,799,0.16225,0.08515,0.15001,500,0.22434,0.11593,0.25,200,0.00876,0.31434,0.2,800,0.17118,0.11674,0.2,800,0.17196,0.11696,standard
SeasonalForestSpring,002074_lcam_front_lidar.ply,0.10002,799,0.06705,0.09415,0.15001,500,0.0049,0.09548,0.25,200,0.0685,0.18131,0.2,800,0.16637,0.11982,0.2,800,0.16652,0.1199,rl_v2_reward
SeasonalForestSpring,002075_lcam_front_lidar.ply,0.10002,799,0.00482,0.08805,0.15001,500,0.0659,0.1433,0.25,200,0.00095,0.19307,0.2,800,0.16979,0.12422,0.2,800,0.16991,0.12436,rl_v2_reward
SeasonalForestSpring,002076_lcam_front_lidar.ply,0.10002,799,0.07724,0.08961,0.15001,500,0.00675,0.11614,0.25,200,0.08199,0.21094,0.2,800,0.16838,0.1209,0.2,800,0.16847,0.12133,rl_v2_reward
SeasonalForestSpring,002077_lcam_front_lidar.ply,0.10002,799,0.18813,0.0856,0.15001,500,0.22735,0.10476,0.25,200,0.02362,0.12256,0.2,800,0.17457,0.11114,0.2,800,0.17494,0.11209,standard
SeasonalForestSpring,002078_lcam_front_lidar.ply,0.10002,799,0.10695,0.08476,0.15001,500,0.03619,0.14501,0.25,200,0.05173,0.22587,0.2,800,0.16941,0.11762,0.2,800,0.17056,0.11182,rl_v2_reward
SeasonalForestSpring,002079_lcam_front_lidar.ply,0.10002,799,0.17747,0.08356,0.15001,500,0.028,0.14569,0.25,200,0.00555,0.23196,0.2,800,0.18019,0.11966,0.2,800,0.18019,0.11956,rl
SeasonalForestSpring,002080_lcam_front_lidar.ply,0.10002,799,0.16142,0.07121,0.15001,500,0.01998,0.12614,0.25,200,0.02122,0.29825,0.2,800,0.16286,0.10372,0.2,800,0.16286,0.10372,rl
SeasonalForestSpring,002081_lcam_front_lidar.ply,0.10002,799,0.14879,0.07829,0.15001,500,0.21253,0.10374,0.25,200,0.00405,0.23634,0.2,800,0.17005,0.11287,0.2,800,0.16657,0.10872,standard
SeasonalForestSpring,002082_lcam_front_lidar.ply,0.10002,799,0.16256,0.08238,0.15001,500,0.20844,0.10557,0.25,200,0.00471,0.25418,0.2,800,0.1603,0.11014,0.2,800,0.15768,0.10899,standard
SeasonalForestSpring,002083_lcam_front_lidar.ply,0.10002,799,0.03305,0.07209,0.15001,500,0.19283,0.11575,0.25,200,0.00834,0.34134,0.2,800,0.15598,0.12086,0.2,800,0.15606,0.12146,standard
SeasonalForestSpring,002084_lcam_front_lidar.ply,0.10002,799,0.0395,0.07857,0.15001,500,0.2058,0.11324,0.25,200,0.02518,0.32517,0.2,800,0.15076,0.11575,0.2,800,0.15456,0.12211,standard
SeasonalForestSpring,002085_lcam_front_lidar.ply,0.10002,799,0.04291,0.07713,0.15001,500,0.03576,0.14297,0.25,200,0.00248,0.12432,0.2,800,0.16414,0.11483,0.2,800,0.16193,0.11569,rl
SeasonalForestSpring,002086_lcam_front_lidar.ply,0.10002,799,0.04556,0.07967,0.15001,500,0.04031,0.13386,0.25,200,0.00474,0.14822,0.2,800,0.15656,0.13059,0.2,800,0.15645,0.13037,rl
SeasonalForestSpring,002087_lcam_front_lidar.ply,0.10002,799,0.04104,0.08828,0.15001,500,0.18729,0.12192,0.25,200,0.00412,0.23428,0.2,800,0.1508,0.12459,0.2,800,0.15083,0.12468,standard
SeasonalForestSpring,002088_lcam_front_lidar.ply,0.10002,799,0.05726,0.08385,0.15001,500,0.00526,0.17848,0.25,200,0.001,0.00159,0.2,800,0.15563,0.12706,0.2,800,0.15539,0.12621,rl
SeasonalForestSpring,002089_lcam_front_lidar.ply,0.10002,799,0.04496,0.09563,0.15001,500,0.02305,0.1301,0.25,200,0.00315,0.24448,0.2,800,0.03678,0.1268,0.2,800,0.03501,0.12334,strict
SeasonalForestSpring,002090_lcam_front_lidar.ply,0.10002,799,0.0559,0.08366,0.15001,500,0.16997,0.11499,0.25,200,0.00831,0.27394,0.2,800,0.03421,0.10871,0.2,800,0.15831,0.13982,standard
SeasonalForestSpring,002091_lcam_front_lidar.ply,0.10002,799,0.0333,0.07669,0.15001,500,0.15608,0.11161,0.25,200,0.00301,0.19657,0.2,800,0.13773,0.11843,0.25,800,0.18441,0.18677,rl_v2_reward
SeasonalForestSpring,002092_lcam_front_lidar.ply,0.10002,799,0.0587,0.08245,0.15001,500,0.07458,0.14545,0.25,200,0.01348,0.2354,0.2,800,0.04459,0.13021,0.2,800,0.04635,0.12615,standard
SeasonalForestSpring,002093_lcam_front_lidar.ply,0.10002,799,0.04385,0.08222,0.15001,500,0.08381,0.15538,0.25,200,0.00138,0.00088,0.2,800,0.05368,0.13788,0.2,800,0.05347,0.13571,standard
SeasonalForestSpring,002094_lcam_front_lidar.ply,0.10002,799,0.03988,0.08632,0.15001,500,0.08817,0.14841,0.25,200,0.00175,0.14169,0.2,800,0.13436,0.13065,0.2,800,0.05659,0.1325,rl
SeasonalForestSpring,002095_lcam_front_lidar.ply,0.10002,799,0.03781,0.077,0.15001,500,0.12244,0.11102,0.25,200,0.00788,0.16505,0.2,800,0.05723,0.13328,0.2,800,0.1253,0.13382,rl_v2_reward
SeasonalForestSpring,002096_lcam_front_lidar.ply,0.10002,799,0.06531,0.10793,0.15001,500,0.01712,0.12994,0.25,200,0.02151,0.21532,0.2,800,0.11954,0.12172,0.2,800,0.12046,0.1094,rl_v2_reward
SeasonalForestSpring,002097_lcam_front_lidar.ply,0.10002,799,0.07135,0.1305,0.15001,500,0.12969,0.10705,0.25,200,0.02767,0.29853,0.2,800,0.11518,0.11264,0.2,800,0.12991,0.12944,rl_v2_reward
SeasonalForestSpring,002098_lcam_front_lidar.ply,0.10002,799,0.06861,0.11129,0.15001,500,0.10717,0.15209,0.25,200,0.00161,0.00228,0.2,800,0.05791,0.13662,0.2,800,0.05788,0.13659,standard
SeasonalForestSpring,002099_lcam_front_lidar.ply,0.10002,799,0.07983,0.12049,0.15001,500,0.00191,0.00149,0.25,200,0.04287,0.19976,0.2,800,0.11291,0.11878,0.2,800,0.113,0.1253,rl_v2_reward
SeasonalForestSpring,002100_lcam_front_lidar.ply,0.10002,799,0.08542,0.12104,0.15001,500,0.03169,0.14879,0.25,200,0.00365,0.21074,0.2,800,0.0577,0.14868,0.2,800,0.05817,0.15235,strict
SeasonalForestSpring,002101_lcam_front_lidar.ply,0.10002,799,0.08561,0.12271,0.15001,500,0.11634,0.147,0.25,200,0.00871,0.15431,0.2,800,0.06009,0.14867,0.2,800,0.06015,0.14881,standard
SeasonalForestSpring,002102_lcam_front_lidar.ply,0.10002,799,0.07851,0.11744,0.15001,500,0.00174,0.06233,0.25,200,0.05861,0.20801,0.2,800,0.05799,0.13837,0.2,800,0.05808,0.13851,strict
SeasonalForestSpring,002103_lcam_front_lidar.ply,0.10002,799,0.09968,0.12626,0.15001,500,0.12391,0.14652,0.25,200,0.00666,0.43339,0.2,800,0.05895,0.15757,0.2,800,0.0577,0.15,standard
SeasonalForestSpring,002104_lcam_front_lidar.ply,0.10002,799,0.03279,0.11926,0.15001,500,0.09836,0.13408,0.25,200,0.22348,0.26809,0.2,800,0.05273,0.16554,0.25,800,0.14524,0.25792,loose
SeasonalForestSpring,002105_lcam_front_lidar.ply,0.10002,799,0.08866,0.12309,0.15001,500,0.11509,0.16531,0.25,200,0.00686,0.18851,0.2,800,0.10973,0.21032,0.25,800,0.14446,0.27997,rl_v2_reward
SeasonalForestSpring,002106_lcam_front_lidar.ply,0.10002,799,0.10856,0.11983,0.15001,500,0.14563,0.1544,0.25,200,0.30981,0.30976,0.2,800,0.11197,0.20334,0.25,800,0.1252,0.22734,loose
SeasonalForestSpring,002107_lcam_front_lidar.ply,0.10002,799,0.12103,0.12251,0.15001,500,0.15275,0.15516,0.25,200,0.00122,0.05529,0.2,800,0.12187,0.21875,0.25,800,0.13889,0.28105,standard
SeasonalForestSpring,002108_lcam_front_lidar.ply,0.10002,799,0.02235,0.05015,0.15001,500,0.02702,0.15334,0.25,200,0.00685,0.30851,0.2,800,0.10817,0.17905,0.2,800,0.10884,0.19058,rl_v2_reward
SeasonalForestSpring,002109_lcam_front_lidar.ply,0.10002,799,0.11273,0.12657,0.15001,500,0.02942,0.12826,0.25,200,0.31706,0.25635,0.2,800,0.1034,0.17146,0.25,800,0.11601,0.2127,loose
SeasonalForestSpring,002110_lcam_front_lidar.ply,0.10002,799,0.09893,0.10524,0.15001,500,0.16667,0.15829,0.25,200,0.00816,0.27333,0.2,800,0.10817,0.21107,0.25,800,0.13119,0.29486,standard
SeasonalForestSpring,002111_lcam_front_lidar.ply,0.10002,799,0.00125,0.06386,0.15001,500,0.14927,0.13909,0.25,200,0.33657,0.24044,0.2,800,0.10479,0.15972,0.25,800,0.11364,0.18838,loose
SeasonalForestSpring,002112_lcam_front_lidar.ply,0.10002,799,0.08612,0.08106,0.15001,500,0.25176,0.16892,0.25,200,0.32809,0.23795,0.2,800,0.10648,0.18384,0.25,800,0.12194,0.23069,loose
SeasonalForestSpring,002113_lcam_front_lidar.ply,0.10002,799,0.11977,0.08067,0.15001,500,0.0034,0.14347,0.25,200,0.00641,0.18131,0.2,800,0.11352,0.15867,0.25,800,0.12373,0.17811,rl_v2_reward
SeasonalForestSpring,002114_lcam_front_lidar.ply,0.10002,799,0.09706,0.06694,0.15001,500,0.00252,0.13044,0.25,200,0.34011,0.24314,0.2,800,0.10463,0.15523,0.25,800,0.11661,0.17621,loose
SeasonalForestSpring,002115_lcam_front_lidar.ply,0.10002,799,0.06876,0.11135,0.15001,500,0.25563,0.17646,0.25,200,0.359,0.26122,0.2,800,0.1034,0.15783,0.25,800,0.11339,0.17927,loose
SeasonalForestSpring,002116_lcam_front_lidar.ply,0.10002,799,0.00409,0.00148,0.15001,500,0.252,0.17534,0.25,200,0.00694,0.30976,0.2,800,0.1027,0.1534,0.25,800,0.11456,0.19461,standard
SeasonalForestSpring,002117_lcam_front_lidar.ply,0.10002,799,0.04052,0.04589,0.15001,500,0.22345,0.15019,0.25,200,0.00853,0.26065,0.2,800,0.10017,0.16682,0.25,800,0.11139,0.18662,standard
SeasonalForestSpring,002118_lcam_front_lidar.ply,0.10002,799,0.03129,0.03992,0.15001,500,0.28507,0.1824,0.25,200,0.00804,0.24127,0.2,800,0.1005,0.15361,0.25,800,0.10844,0.16113,standard
SeasonalForestSpring,002119_lcam_front_lidar.ply,0.10002,799,0.15164,0.12233,0.15001,500,0.00367,0.15793,0.25,200,0.00784,0.21619,0.2,800,0.09673,0.16324,0.25,800,0.107,0.18321,strict
SeasonalForestSpring,002120_lcam_front_lidar.ply,0.10002,799,0.15266,0.11623,0.15001,500,0.1845,0.14921,0.25,200,0.01398,0.28335,0.2,800,0.10403,0.15374,0.25,800,0.1079,0.16532,standard
SeasonalForestSpring,002121_lcam_front_lidar.ply,0.10002,799,0.13306,0.10278,0.15001,500,0.26004,0.16105,0.25,200,0.00981,0.20463,0.2,800,0.09032,0.16789,0.25,800,0.10219,0.18111,standard
SeasonalForestSpring,002122_lcam_front_lidar.ply,0.10002,799,0.17061,0.11632,0.15001,500,0.28197,0.16565,0.25,200,0.00845,0.1659,0.2,800,0.0962,0.15532,0.25,800,0.10009,0.16858,standard
SeasonalForestSpring,002123_lcam_front_lidar.ply,0.10002,799,0.15272,0.10182,0.15001,500,0.19513,0.1384,0.25,200,0.01002,0.17642,0.2,800,0.09832,0.16611,0.25,800,0.10827,0.17605,standard
SeasonalForestSpring,002124_lcam_front_lidar.ply,0.10002,799,0.14607,0.0996,0.15001,500,0.26587,0.15749,0.25,200,0.02008,0.21974,0.2,800,0.09269,0.16547,0.25,800,0.09598,0.17744,standard
SeasonalForestSpring,002125_lcam_front_lidar.ply,0.10002,799,0.15098,0.10079,0.15001,500,0.17221,0.12402,0.25,200,0.00279,0.2038,0.2,800,0.08628,0.17467,0.25,800,0.09908,0.20764,standard
SeasonalForestSpring,002126_lcam_front_lidar.ply,0.10002,799,0.15298,0.1032,0.15001,500,0.1803,0.13045,0.25,200,0.00949,0.22755,0.2,800,0.08776,0.17613,0.25,800,0.09256,0.19578,standard
SeasonalForestSpring,002127_lcam_front_lidar.ply,0.10002,799,0.14927,0.09098,0.15001,500,0.01285,0.12104,0.25,200,0.00962,0.22258,0.2,800,0.08765,0.16518,0.25,800,0.09275,0.19223,strict
SeasonalForestSpring,002128_lcam_front_lidar.ply,0.10002,799,0.15547,0.0983,0.15001,500,0.17569,0.11779,0.25,200,0.00889,0.21145,0.2,800,0.08784,0.18166,0.25,800,0.03698,0.1414,standard
SeasonalForestSpring,002129_lcam_front_lidar.ply,0.10002,799,0.14576,0.08832,0.15001,500,0.17384,0.11807,0.25,200,0.00116,0.31953,0.2,800,0.08671,0.15501,0.25,800,0.04124,0.16461,standard
SeasonalForestSpring,002130_lcam_front_lidar.ply,0.10002,799,0.15341,0.08884,0.15001,500,0.1747,0.11876,0.25,200,0.00139,0.00281,0.2,800,0.08957,0.18074,0.25,800,0.09948,0.19429,standard
SeasonalForestSpring,002131_lcam_front_lidar.ply,0.10002,799,0.18163,0.10887,0.15001,500,0.17767,0.12444,0.25,200,0.0088,0.21878,0.2,800,0.08861,0.17866,0.25,800,0.09677,0.21479,strict
SeasonalForestSpring,002132_lcam_front_lidar.ply,0.10002,799,0.16676,0.10806,0.15001,500,0.1828,0.12777,0.25,200,0.01156,0.24852,0.2,800,0.09321,0.17577,0.25,800,0.09848,0.19944,standard
SeasonalForestSpring,002133_lcam_front_lidar.ply,0.10002,799,0.13094,0.08887,0.15001,500,0.1627,0.11659,0.25,200,0.0047,0.26258,0.2,800,0.08994,0.16187,0.25,800,0.03766,0.14026,standard
SeasonalForestSpring,002134_lcam_front_lidar.ply,0.10002,799,0.15339,0.10268,0.15001,500,0.23196,0.1533,0.25,200,0.3146,0.22123,0.2,800,0.08392,0.15269,0.25,800,0.04121,0.17864,loose
SeasonalForestSpring,002135_lcam_front_lidar.ply,0.10002,799,0.15535,0.11025,0.15001,500,0.18442,0.14353,0.25,200,0.00182,0.43833,0.2,800,0.08919,0.14552,0.25,800,0.0987,0.17479,standard
SeasonalForestSpring,002136_lcam_front_lidar.ply,0.10002,799,0.16529,0.11323,0.15001,500,0.26065,0.16462,0.25,200,0.00752,0.18463,0.2,800,0.09065,0.17696,0.25,800,0.09581,0.18836,standard
SeasonalForestSpring,002137_lcam_front_lidar.ply,0.10002,799,0.13828,0.10518,0.15001,500,0.17582,0.14016,0.25,200,0.00272,0.26317,0.2,800,0.07488,0.1664,0.2,800,0.07369,0.16295,standard
SeasonalForestSpring,002138_lcam_front_lidar.ply,0.10002,799,0.14176,0.10961,0.15001,500,0.17582,0.14311,0.25,200,0.0119,0.19899,0.2,800,0.07985,0.16726,0.2,800,0.08243,0.17854,standard
SeasonalForestSpring,002139_lcam_front_lidar.ply,0.10002,799,0.13932,0.11438,0.15001,500,0.24604,0.15756,0.25,200,0.01154,0.218,0.2,800,0.08046,0.1655,0.25,800,0.08993,0.20531,standard
SeasonalForestSpring,002140_lcam_front_lidar.ply,0.10002,799,0.13994,0.10874,0.15001,500,0.18541,0.14778,0.25,200,0.00155,0.24287,0.2,800,0.07499,0.16181,0.25,800,0.04675,0.13803,standard
SeasonalForestSpring,002141_lcam_front_lidar.ply,0.10002,799,0.14042,0.10969,0.15001,500,0.18119,0.1395,0.25,200,0.00247,0.29245,0.2,800,0.07755,0.17154,0.25,800,0.04865,0.1367,standard
SeasonalForestSpring,002142_lcam_front_lidar.ply,0.10002,799,0.16509,0.11412,0.15001,500,0.25965,0.14619,0.25,200,0.00264,0.22002,0.2,800,0.07833,0.1632,0.25,800,0.0867,0.20577,standard
SeasonalForestSpring,002143_lcam_front_lidar.ply,0.10002,799,0.13141,0.10631,0.15001,500,0.17158,0.14811,0.25,200,0.00789,0.28886,0.2,800,0.04644,0.12987,0.25,800,0.05161,0.14173,standard
SeasonalForestSpring,002144_lcam_front_lidar.ply,0.10002,799,0.13852,0.11445,0.15001,500,0.17005,0.14308,0.25,200,0.00423,0.27684,0.2,800,0.05517,0.121,0.2,800,0.05514,0.12098,standard
SeasonalForestSpring,002145_lcam_front_lidar.ply,0.10002,799,0.15277,0.11638,0.15001,500,0.19015,0.14132,0.25,200,0.00507,0.24838,0.2,800,0.05118,0.12748,0.25,800,0.05085,0.1288,standard
SeasonalForestSpring,002146_lcam_front_lidar.ply,0.10002,799,0.1145,0.10076,0.15001,500,0.17865,0.14116,0.25,200,0.0052,0.2185,0.2,800,0.05192,0.11549,0.2,800,0.05069,0.11134,standard
SeasonalForestSpring,002147_lcam_front_lidar.ply,0.10002,799,0.0465,0.09095,0.15001,500,0.1847,0.14428,0.25,200,0.00495,0.29174,0.2,800,0.10254,0.20599,0.2,800,0.05414,0.12454,standard
SeasonalForestSpring,002148_lcam_front_lidar.ply,0.10002,799,0.11969,0.09389,0.15001,500,0.17943,0.14618,0.25,200,0.01475,0.25434,0.2,800,0.05321,0.11784,0.2,800,0.05267,0.11554,standard
SeasonalForestSpring,002149_lcam_front_lidar.ply,0.10002,799,0.07212,0.09204,0.15001,500,0.15622,0.15216,0.25,200,0.00813,0.43423,0.2,800,0.0626,0.12745,0.2,800,0.06381,0.12966,standard
SeasonalForestSpring,002150_lcam_front_lidar.ply,0.10002,799,0.04424,0.10172,0.15001,500,0.16273,0.14917,0.25,200,0.00613,0.21431,0.2,800,0.05323,0.12724,0.2,800,0.05355,0.12829,standard
SeasonalForestSpring,002151_lcam_front_lidar.ply,0.10002,799,0.11738,0.11066,0.15001,500,0.14566,0.1463,0.25,200,0.00566,0.18226,0.2,800,0.06421,0.17578,0.2,800,0.06162,0.12812,standard
SeasonalForestSpring,002152_lcam_front_lidar.ply,0.10002,799,0.10434,0.10644,0.15001,500,0.1566,0.14479,0.25,200,0.01848,0.31334,0.2,800,0.05463,0.11665,0.2,800,0.05451,0.11534,standard
SeasonalForestSpring,002153_lcam_front_lidar.ply,0.10002,799,0.08279,0.10187,0.15001,500,0.13204,0.13521,0.25,200,0.00621,0.19009,0.2,800,0.05588,0.12768,0.2,800,0.05567,0.1269,standard
SeasonalForestSpring,002154_lcam_front_lidar.ply,0.10002,799,0.04066,0.08727,0.15001,500,0.11601,0.16234,0.25,200,0.02735,0.35646,0.2,800,0.05956,0.12594,0.2,800,0.06048,0.12705,standard
SeasonalForestSpring,002155_lcam_front_lidar.ply,0.10002,799,0.04483,0.10773,0.15001,500,0.05614,0.12826,0.25,200,0.00796,0.2327,0.2,800,0.0603,0.12443,0.2,800,0.06113,0.12394,rl_v2_reward
SeasonalForestSpring,002156_lcam_front_lidar.ply,0.10002,799,0.05861,0.09001,0.15001,500,0.11241,0.13067,0.25,200,0.01045,0.19808,0.2,800,0.05733,0.12218,0.2,800,0.05724,0.12053,standard
SeasonalForestSpring,002157_lcam_front_lidar.ply,0.10002,799,0.06024,0.09074,0.15001,500,0.01835,0.14661,0.25,200,0.0225,0.30429,0.2,800,0.06541,0.11425,0.2,800,0.06687,0.11798,rl_v2_reward
SeasonalForestSpring,002158_lcam_front_lidar.ply,0.10002,799,0.06847,0.0956,0.15001,500,0.02848,0.15238,0.25,200,0.01949,0.20065,0.2,800,0.06305,0.10298,0.2,800,0.06364,0.10897,strict
SeasonalForestSpring,002159_lcam_front_lidar.ply,0.10002,799,0.06626,0.07208,0.15001,500,0.02836,0.18106,0.25,200,0.00699,0.24682,0.2,800,0.0565,0.10139,0.2,800,0.05627,0.09974,strict
SeasonalForestSpring,002160_lcam_front_lidar.ply,0.10002,799,0.07043,0.08534,0.15001,500,0.03335,0.1614,0.25,200,0.00292,0.16123,0.2,800,0.05441,0.11124,0.2,800,0.05433,0.11259,strict
SeasonalForestSpring,002161_lcam_front_lidar.ply,0.10002,799,0.06909,0.07612,0.15001,500,0.04168,0.15274,0.25,200,0.00268,0.25834,0.2,800,0.06445,0.11609,0.2,800,0.06397,0.11913,strict
SeasonalForestSpring,002162_lcam_front_lidar.ply,0.10002,799,0.03288,0.10639,0.15001,500,0.04274,0.1453,0.25,200,0.00873,0.16462,0.2,800,0.06382,0.11651,0.2,800,0.06402,0.11536,rl_v2_reward
SeasonalForestSpring,002163_lcam_front_lidar.ply,0.10002,799,0.03541,0.09408,0.15001,500,0.035,0.13973,0.25,200,0.00901,0.17102,0.2,800,0.06211,0.11933,0.2,800,0.06272,0.12002,rl_v2_reward
SeasonalForestSpring,002164_lcam_front_lidar.ply,0.10002,799,0.04919,0.10671,0.15001,500,0.06505,0.15041,0.25,200,0.01009,0.20482,0.2,800,0.07143,0.12911,0.2,800,0.07304,0.12457,rl_v2_reward
SeasonalForestSpring,002165_lcam_front_lidar.ply,0.10002,799,0.04592,0.10694,0.15001,500,0.07341,0.15897,0.25,200,0.0081,0.15313,0.2,800,0.07769,0.12119,0.2,800,0.07631,0.12219,rl
SeasonalForestSpring,002166_lcam_front_lidar.ply,0.10002,799,0.08061,0.11573,0.15001,500,0.0004,0.00074,0.25,200,0.00808,0.2397,0.2,800,0.06867,0.12679,0.2,800,0.06882,0.1269,strict
SeasonalForestSpring,002167_lcam_front_lidar.ply,0.10002,799,0.11672,0.08314,0.15001,500,0.14193,0.11281,0.25,200,0.1613,0.1521,0.2,800,0.07795,0.11841,0.2,800,0.07726,0.11846,loose
SeasonalForestSpring,002168_lcam_front_lidar.ply,0.10002,799,0.02054,0.03696,0.15001,500,0.17252,0.08371,0.25,200,0.00694,0.16313,0.2,800,0.0,0.0,0.2,800,0.0,0.0,standard
SeasonalForestSpring,002169_lcam_front_lidar.ply,0.10002,799,0.07962,0.08648,0.15001,500,0.10642,0.10517,0.25,200,0.1364,0.15544,0.2,800,0.07886,0.12622,0.2,800,0.07685,0.12181,loose
SeasonalForestSpring,002170_lcam_front_lidar.ply,0.10002,799,0.02179,0.06897,0.15001,500,0.13266,0.09424,0.25,200,0.00626,0.21103,0.2,800,0.07412,0.12407,0.2,800,0.07302,0.1226,standard
SeasonalForestSpring,002171_lcam_front_lidar.ply,0.10002,799,0.06967,0.08515,0.15001,500,0.09856,0.12926,0.25,200,0.12979,0.19422,0.2,800,0.06928,0.11644,0.2,800,0.0697,0.11736,loose
SeasonalForestSpring,002172_lcam_front_lidar.ply,0.10002,799,0.059,0.08649,0.15001,500,0.08971,0.15101,0.25,200,0.1218,0.21844,0.2,800,0.07276,0.12818,0.2,800,0.07255,0.12941,loose
SeasonalForestSpring,002173_lcam_front_lidar.ply,0.10002,799,0.03981,0.09289,0.15001,500,0.06362,0.13933,0.25,200,0.01712,0.23933,0.2,800,0.07502,0.12149,0.2,800,0.07373,0.12093,rl
SeasonalForestSpring,002174_lcam_front_lidar.ply,0.10002,799,0.03595,0.11505,0.15001,500,0.00632,0.17404,0.25,200,0.08565,0.25323,0.2,800,0.07488,0.1334,0.2,800,0.07505,0.13272,loose
SeasonalForestSpring,002175_lcam_front_lidar.ply,0.10002,799,0.09001,0.08617,0.15001,500,0.00246,0.15941,0.25,200,0.00108,0.23914,0.2,800,0.06845,0.1256,0.2,800,0.06808,0.12376,strict
SeasonalForestSpring,002176_lcam_front_lidar.ply,0.10002,799,0.08648,0.09719,0.15001,500,0.00382,0.09182,0.25,200,0.0018,0.20562,0.2,800,0.07088,0.12455,0.2,800,0.07281,0.12851,strict
SeasonalForestSpring,002177_lcam_front_lidar.ply,0.10002,799,0.08292,0.09346,0.15001,500,0.00117,0.04531,0.25,200,0.08578,0.24503,0.2,800,0.07142,0.13367,0.2,800,0.06981,0.13284,loose
SeasonalForestSpring,002178_lcam_front_lidar.ply,0.10002,799,0.05864,0.09173,0.15001,500,0.11902,0.14364,0.25,200,0.04569,0.29088,0.2,800,0.06993,0.13078,0.2,800,0.06925,0.13315,standard
SeasonalForestSpring,002179_lcam_front_lidar.ply,0.10002,799,0.06973,0.09589,0.15001,500,0.02227,0.11542,0.25,200,0.0049,0.26744,0.2,800,0.07138,0.13557,0.2,800,0.07013,0.1334,rl
SeasonalForestSpring,002180_lcam_front_lidar.ply,0.10002,799,0.05634,0.08092,0.15001,500,0.02692,0.13276,0.25,200,0.03393,0.18773,0.2,800,0.06373,0.12468,0.2,800,0.06888,0.1423,rl_v2_reward
SeasonalForestSpring,002181_lcam_front_lidar.ply,0.10002,799,0.02963,0.10045,0.15001,500,0.03954,0.15008,0.25,200,0.00471,0.07772,0.2,800,0.0786,0.15174,0.2,800,0.07984,0.15843,rl_v2_reward
SeasonalForestSpring,002182_lcam_front_lidar.ply,0.10002,799,0.04071,0.10111,0.15001,500,0.05043,0.13104,0.25,200,0.00235,0.26344,0.2,800,0.07788,0.15277,0.2,800,0.07726,0.14864,rl
SeasonalForestSpring,002183_lcam_front_lidar.ply,0.10002,799,0.03946,0.10619,0.15001,500,0.04793,0.13241,0.25,200,0.08543,0.24369,0.2,800,0.07097,0.14595,0.2,800,0.07422,0.15985,loose
SeasonalForestSpring,002184_lcam_front_lidar.ply,0.10002,799,0.04634,0.06243,0.15001,500,0.08651,0.12217,0.25,200,0.01171,0.15784,0.2,800,0.07914,0.14219,0.2,800,0.07643,0.13419,standard
SeasonalForestSpring,002185_lcam_front_lidar.ply,0.10002,799,0.04538,0.09038,0.15001,500,0.06005,0.12839,0.25,200,0.08775,0.22812,0.2,800,0.07687,0.15318,0.2,800,0.0726,0.13987,loose
SeasonalForestSpring,002186_lcam_front_lidar.ply,0.10002,799,0.07262,0.09962,0.15001,500,0.00699,0.17112,0.25,200,0.06428,0.24364,0.2,800,0.07469,0.14658,0.2,800,0.07525,0.14794,rl_v2_reward
SeasonalForestSpring,002187_lcam_front_lidar.ply,0.10002,799,0.10008,0.09915,0.15001,500,0.00375,0.17319,0.25,200,0.04365,0.27908,0.2,800,0.07307,0.13577,0.2,800,0.07293,0.1362,strict
SeasonalForestSpring,002188_lcam_front_lidar.ply,0.10002,799,0.09578,0.10187,0.15001,500,0.02926,0.14347,0.25,200,0.0087,0.20965,0.2,800,0.07598,0.13513,0.2,800,0.07582,0.13589,strict
SeasonalForestSpring,002189_lcam_front_lidar.ply,0.10002,799,0.0793,0.0926,0.15001,500,0.03041,0.14622,0.25,200,0.04674,0.26958,0.2,800,0.07701,0.14317,0.2,800,0.07597,0.14362,strict
SeasonalForestSpring,002190_lcam_front_lidar.ply,0.10002,799,0.09584,0.10082,0.15001,500,0.0211,0.1424,0.25,200,0.02982,0.23718,0.2,800,0.08277,0.14279,0.25,800,0.10888,0.21657,rl_v2_reward
SeasonalForestSpring,002191_lcam_front_lidar.ply,0.10002,799,0.08381,0.10773,0.15001,500,0.01929,0.13101,0.25,200,0.00803,0.18619,0.2,800,0.07761,0.14895,0.2,800,0.07695,0.15052,strict
SeasonalForestSpring,002192_lcam_front_lidar.ply,0.10002,799,0.10331,0.10944,0.15001,500,0.13891,0.13603,0.25,200,0.00968,0.29405,0.2,800,0.07516,0.14071,0.2,800,0.07472,0.13997,standard
SeasonalForestSpring,002193_lcam_front_lidar.ply,0.10002,799,0.09048,0.10177,0.15001,500,0.13908,0.14365,0.25,200,0.00902,0.18057,0.2,800,0.07862,0.14521,0.2,800,0.07399,0.13738,standard
SeasonalForestSpring,002194_lcam_front_lidar.ply,0.10002,799,0.06305,0.10962,0.15001,500,0.12672,0.14736,0.25,200,0.005,0.36053,0.2,800,0.08878,0.1535,0.2,800,0.0926,0.16019,standard
SeasonalForestSpring,002195_lcam_front_lidar.ply,0.10002,799,0.09007,0.11094,0.15001,500,0.14024,0.14515,0.25,200,0.01194,0.30487,0.2,800,0.08157,0.14557,0.2,800,0.08135,0.14958,standard
SeasonalForestSpring,002196_lcam_front_lidar.ply,0.10002,799,0.10137,0.10882,0.15001,500,0.14504,0.14553,0.25,200,0.01068,0.22262,0.2,800,0.08532,0.13766,0.2,800,0.08779,0.13893,standard
SeasonalForestSpring,002197_lcam_front_lidar.ply,0.10002,799,0.09777,0.11005,0.15001,500,0.13868,0.14654,0.25,200,0.00819,0.27529,0.2,800,0.07062,0.14448,0.2,800,0.06909,0.1494,standard
SeasonalForestSpring,002198_lcam_front_lidar.ply,0.10002,799,0.08927,0.11185,0.15001,500,0.13316,0.14151,0.25,200,0.0059,0.31566,0.2,800,0.0926,0.14805,0.2,800,0.09193,0.14567,standard
SeasonalForestSpring,002199_lcam_front_lidar.ply,0.10002,799,0.07937,0.09538,0.15001,500,0.13947,0.14409,0.25,200,0.01309,0.22519,0.2,800,0.07589,0.13948,0.2,800,0.07761,0.13544,standard
SeasonalForestSpring,002200_lcam_front_lidar.ply,0.10002,799,0.09814,0.10345,0.15001,500,0.00402,0.12647,0.25,200,0.00676,0.21218,0.2,800,0.10065,0.14636,0.2,800,0.10098,0.14928,rl_v2_reward
SeasonalForestSpring,002201_lcam_front_lidar.ply,0.10002,799,0.10002,0.10449,0.15001,500,0.14159,0.13114,0.25,200,0.00633,0.32252,0.2,800,0.08737,0.1363,0.2,800,0.08848,0.13712,standard
SeasonalForestSpring,002202_lcam_front_lidar.ply,0.10002,799,0.09807,0.09202,0.15001,500,0.1532,0.13988,0.25,200,0.00482,0.0982,0.2,800,0.09019,0.14931,0.2,800,0.086,0.14595,standard
SeasonalForestSpring,002203_lcam_front_lidar.ply,0.10002,799,0.09797,0.09729,0.15001,500,0.15751,0.14211,0.25,200,0.21265,0.20121,0.2,800,0.09688,0.14885,0.2,800,0.09302,0.1452,loose
SeasonalForestSpring,002204_lcam_front_lidar.ply,0.10002,799,0.09326,0.08527,0.15001,500,0.13211,0.11384,0.25,200,0.20178,0.18303,0.2,800,0.09302,0.13627,0.25,800,0.10246,0.14925,loose
SeasonalForestSpring,002205_lcam_front_lidar.ply,0.10002,799,0.06114,0.0894,0.15001,500,0.13743,0.15195,0.25,200,0.20735,0.19814,0.2,800,0.08608,0.13829,0.2,800,0.08603,0.1386,loose
SeasonalForestSpring,002206_lcam_front_lidar.ply,0.10002,799,0.0946,0.0948,0.15001,500,0.15495,0.14072,0.25,200,0.2027,0.18852,0.2,800,0.09257,0.13907,0.2,800,0.09729,0.14968,loose
SeasonalForestSpring,002207_lcam_front_lidar.ply,0.10002,799,0.09973,0.09689,0.15001,500,0.1651,0.14537,0.25,200,0.21053,0.18977,0.2,800,0.09572,0.1314,0.25,800,0.10615,0.1596,loose
SeasonalForestSpring,002208_lcam_front_lidar.ply,0.10002,799,0.11821,0.09783,0.15001,500,0.17145,0.14656,0.25,200,0.00938,0.24493,0.2,800,0.10413,0.15203,0.2,800,0.10388,0.15183,standard
SeasonalForestSpring,002209_lcam_front_lidar.ply,0.10002,799,0.10668,0.10996,0.15001,500,0.16592,0.13986,0.25,200,0.00764,0.26162,0.2,800,0.09678,0.14612,0.2,800,0.09994,0.15134,standard
SeasonalForestSpring,002210_lcam_front_lidar.ply,0.10002,799,0.12005,0.10137,0.15001,500,0.17237,0.13733,0.25,200,0.01128,0.32003,0.2,800,0.09751,0.15204,0.2,800,0.09647,0.15039,standard
SeasonalForestSpring,002211_lcam_front_lidar.ply,0.10002,799,0.09166,0.11156,0.15001,500,0.17296,0.15524,0.25,200,0.01345,0.31286,0.2,800,0.09291,0.14953,0.25,800,0.10258,0.16693,standard
SeasonalForestSpring,002212_lcam_front_lidar.ply,0.10002,799,0.10796,0.10136,0.15001,500,0.16966,0.1516,0.25,200,0.01339,0.33013,0.2,800,0.09707,0.15747,0.2,800,0.09749,0.15751,standard
SeasonalForestSpring,002213_lcam_front_lidar.ply,0.10002,799,0.09543,0.10559,0.15001,500,0.17189,0.15326,0.25,200,0.008,0.22272,0.2,800,0.09864,0.15864,0.2,800,0.096,0.15713,standard
SeasonalForestSpring,002214_lcam_front_lidar.ply,0.10002,799,0.09041,0.11166,0.15001,500,0.17757,0.15854,0.25,200,0.00168,0.26023,0.2,800,0.09347,0.15991,0.2,800,0.09341,0.15819,standard
SeasonalForestSpring,002215_lcam_front_lidar.ply,0.10002,799,0.08207,0.1204,0.15001,500,0.01576,0.12294,0.25,200,0.02371,0.23817,0.2,800,0.08566,0.16236,0.2,800,0.08412,0.16103,rl
SeasonalForestSpring,002216_lcam_front_lidar.ply,0.10002,799,0.07315,0.1153,0.15001,500,0.0215,0.11709,0.25,200,0.00586,0.22861,0.2,800,0.09276,0.17067,0.2,800,0.1022,0.20209,rl_v2_reward
SeasonalForestSpring,002217_lcam_front_lidar.ply,0.10002,799,0.10373,0.11954,0.15001,500,0.02331,0.13098,0.25,200,0.0326,0.2252,0.2,800,0.08473,0.16205,0.2,800,0.10021,0.19627,strict
SeasonalForestSpring,002218_lcam_front_lidar.ply,0.10002,799,0.01721,0.0416,0.15001,500,0.03535,0.12444,0.25,200,0.04538,0.20191,0.2,800,0.10304,0.20137,0.2,800,0.10372,0.20158,rl_v2_reward
SeasonalForestSpring,002219_lcam_front_lidar.ply,0.10002,799,0.12405,0.10276,0.15001,500,0.02271,0.16298,0.25,200,0.01101,0.23488,0.2,800,0.09649,0.18555,0.2,800,0.09878,0.18527,strict
SeasonalForestSpring,002220_lcam_front_lidar.ply,0.10002,799,0.13345,0.11065,0.15001,500,0.02027,0.15456,0.25,200,0.00866,0.22046,0.2,800,0.07913,0.1515,0.2,800,0.09865,0.1758,strict
SeasonalForestSpring,002221_lcam_front_lidar.ply,0.10002,799,0.11988,0.09382,0.15001,500,0.01564,0.17151,0.25,200,0.01135,0.25633,0.2,800,0.09712,0.18553,0.2,800,0.10662,0.18466,strict
SeasonalForestSpring,002222_lcam_front_lidar.ply,0.10002,799,0.13436,0.10377,0.15001,500,0.17658,0.14762,0.25,200,0.01205,0.26483,0.2,800,0.1161,0.1821,0.2,800,0.11897,0.1844,standard
SeasonalForestSpring,002223_lcam_front_lidar.ply,0.10002,799,0.13392,0.10678,0.15001,500,0.20864,0.16696,0.25,200,0.01095,0.21543,0.2,800,0.11173,0.18201,0.2,800,0.11205,0.18,standard
SeasonalForestSpring,002224_lcam_front_lidar.ply,0.10002,799,0.11616,0.09579,0.15001,500,0.0116,0.17392,0.25,200,0.01044,0.22287,0.2,800,0.11485,0.17384,0.2,800,0.11569,0.17743,strict
SeasonalForestSpring,002225_lcam_front_lidar.ply,0.10002,799,0.13593,0.11295,0.15001,500,0.02872,0.13796,0.25,200,0.02424,0.26227,0.2,800,0.11935,0.1839,0.2,800,0.12749,0.18356,strict
SeasonalForestSpring,002226_lcam_front_lidar.ply,0.10002,799,0.15145,0.10226,0.15001,500,0.02098,0.10783,0.25,200,0.01566,0.1561,0.2,800,0.13355,0.1838,0.2,800,0.12983,0.17897,strict
SeasonalForestSpring,002227_lcam_front_lidar.ply,0.10002,799,0.15874,0.10886,0.15001,500,0.05114,0.13501,0.25,200,0.02527,0.25516,0.2,800,0.13964,0.17744,0.2,800,0.13575,0.17128,strict
SeasonalForestSpring,002228_lcam_front_lidar.ply,0.10002,799,0.03999,0.097,0.15001,500,0.05651,0.10573,0.25,200,0.00933,0.30515,0.2,800,0.12974,0.17876,0.2,800,0.13072,0.17824,rl_v2_reward
SeasonalForestSpring,002229_lcam_front_lidar.ply,0.10002,799,0.04734,0.10741,0.15001,500,0.00231,0.12431,0.25,200,0.00962,0.33741,0.2,800,0.13275,0.17111,0.2,800,0.13345,0.17005,rl_v2_reward
SeasonalForestSpring,002230_lcam_front_lidar.ply,0.10002,799,0.05416,0.07668,0.15001,500,0.00516,0.24627,0.25,200,0.00533,0.27377,0.2,800,0.14806,0.17091,0.2,800,0.14744,0.16033,rl
SeasonalForestSpring,002231_lcam_front_lidar.ply,0.10002,799,0.06507,0.08062,0.15001,500,0.08397,0.11685,0.25,200,0.11721,0.24973,0.2,800,0.15135,0.17025,0.2,800,0.14597,0.15424,rl
SeasonalForestSpring,002232_lcam_front_lidar.ply,0.10002,799,0.05562,0.0709,0.15001,500,0.08138,0.10354,0.25,200,0.0094,0.23578,0.2,800,0.14513,0.16762,0.2,800,0.14661,0.16599,rl_v2_reward
SeasonalForestSpring,002233_lcam_front_lidar.ply,0.10002,799,0.08587,0.06607,0.15001,500,0.10703,0.08993,0.25,200,0.00651,0.17579,0.2,800,0.03536,0.10729,0.2,800,0.03197,0.09361,standard
SeasonalForestSpring,002234_lcam_front_lidar.ply,0.10002,799,0.10097,0.06826,0.15001,500,0.12079,0.08556,0.25,200,0.00647,0.21304,0.2,800,0.03378,0.09472,0.2,800,0.03558,0.09257,standard
SeasonalForestSpring,002235_lcam_front_lidar.ply,0.10002,799,0.00446,0.05967,0.15001,500,0.00486,0.16827,0.25,200,0.01156,0.25671,0.2,800,0.03916,0.09914,0.2,800,0.03589,0.10098,rl
SeasonalForestSpring,002236_lcam_front_lidar.ply,0.10002,799,0.00215,0.10465,0.15001,500,0.14422,0.08964,0.25,200,0.00412,0.07088,0.2,800,0.04224,0.1075,0.2,800,0.04233,0.10249,standard
SeasonalForestSpring,002237_lcam_front_lidar.ply,0.10002,799,0.01067,0.02706,0.15001,500,0.1656,0.10047,0.25,200,0.00251,0.11972,0.2,800,0.04503,0.11308,0.2,800,0.0456,0.11471,standard
SeasonalForestSpring,002238_lcam_front_lidar.ply,0.10002,799,0.09351,0.06047,0.15001,500,0.14863,0.10039,0.25,200,0.01149,0.15385,0.2,800,0.04507,0.11219,0.2,800,0.04445,0.09974,standard
SeasonalForestSpring,002239_lcam_front_lidar.ply,0.10002,799,0.15553,0.09182,0.15001,500,0.00124,0.09032,0.25,200,0.00996,0.21525,0.2,800,0.04956,0.10085,0.2,800,0.05056,0.11568,strict
SeasonalForestSpring,002240_lcam_front_lidar.ply,0.10002,799,0.00124,0.01828,0.15001,500,0.00042,0.00016,0.25,200,0.0297,0.22593,0.2,800,0.05008,0.11878,0.2,800,0.04955,0.12291,rl
SeasonalForestSpring,002241_lcam_front_lidar.ply,0.10002,799,0.10588,0.06014,0.15001,500,0.00266,0.1335,0.25,200,0.01,0.20882,0.2,800,0.05004,0.12036,0.2,800,0.05013,0.10968,strict
SeasonalForestSpring,002242_lcam_front_lidar.ply,0.10002,799,0.11171,0.06732,0.15001,500,0.14335,0.06745,0.25,200,0.00454,0.14953,0.2,800,0.04699,0.11578,0.2,800,0.04899,0.1165,standard
SeasonalForestSpring,002243_lcam_front_lidar.ply,0.10002,799,0.09427,0.0667,0.15001,500,0.01025,0.1364,0.25,200,0.0074,0.13726,0.2,800,0.04706,0.11711,0.2,800,0.04764,0.12458,strict
SeasonalForestSpring,002244_lcam_front_lidar.ply,0.10002,799,0.10849,0.0761,0.15001,500,0.12602,0.07885,0.25,200,0.00899,0.1546,0.2,800,0.04946,0.16204,0.2,800,0.04605,0.1338,standard
SeasonalForestSpring,002245_lcam_front_lidar.ply,0.10002,799,0.13895,0.09602,0.15001,500,0.15027,0.09863,0.25,200,0.01119,0.17088,0.2,800,0.05257,0.15594,0.2,800,0.05375,0.15871,standard
SeasonalForestSpring,002246_lcam_front_lidar.ply,0.10002,799,0.12228,0.09403,0.15001,500,0.00138,0.00028,0.25,200,0.01772,0.18786,0.2,800,0.05288,0.15764,0.2,800,0.05267,0.15639,strict
SeasonalForestSpring,002247_lcam_front_lidar.ply,0.10002,799,0.11275,0.07781,0.15001,500,0.15013,0.11578,0.25,200,0.00621,0.09688,0.2,800,0.05072,0.12892,0.2,800,0.0508,0.13242,standard
SeasonalForestSpring,002248_lcam_front_lidar.ply,0.10002,799,0.11062,0.07216,0.15001,500,0.14483,0.10862,0.25,200,0.0081,0.13684,0.2,800,0.05028,0.13175,0.2,800,0.05044,0.1333,standard
SeasonalForestSpring,002249_lcam_front_lidar.ply,0.10002,799,0.11218,0.07265,0.15001,500,0.15156,0.09756,0.25,200,0.01349,0.31617,0.2,800,0.05335,0.1284,0.2,800,0.05412,0.13283,standard
SeasonalForestSpring,002250_lcam_front_lidar.ply,0.10002,799,0.12057,0.07041,0.15001,500,0.15046,0.08892,0.25,200,0.01246,0.36286,0.2,800,0.04957,0.11345,0.2,800,0.04913,0.10875,standard
SeasonalForestSpring,002251_lcam_front_lidar.ply,0.10002,799,0.12115,0.07141,0.15001,500,0.15221,0.08288,0.25,200,0.00908,0.29572,0.2,800,0.05081,0.11688,0.2,800,0.0506,0.11523,standard
SeasonalForestSpring,002252_lcam_front_lidar.ply,0.10002,799,0.00299,0.00093,0.15001,500,0.15765,0.0816,0.25,200,0.01231,0.3003,0.2,800,0.05125,0.12514,0.2,800,0.04933,0.11293,standard
SeasonalForestSpring,002253_lcam_front_lidar.ply,0.10002,799,0.121,0.06096,0.15001,500,0.13585,0.07588,0.25,200,0.01368,0.26804,0.2,800,0.0432,0.11833,0.2,800,0.04358,0.12393,standard
SeasonalForestSpring,002254_lcam_front_lidar.ply,0.10002,799,0.14598,0.05995,0.15001,500,0.1607,0.07497,0.25,200,0.00417,0.26392,0.2,800,0.04777,0.10956,0.2,800,0.04695,0.10462,standard
SeasonalForestSpring,002255_lcam_front_lidar.ply,0.10002,799,0.15529,0.05997,0.15001,500,0.17496,0.07201,0.25,200,0.0068,0.23922,0.2,800,0.0495,0.10438,0.2,800,0.04947,0.10755,standard
SeasonalForestSpring,002256_lcam_front_lidar.ply,0.10002,799,0.1424,0.06067,0.15001,500,0.17918,0.07142,0.25,200,0.00144,0.28812,0.2,800,0.05232,0.10288,0.2,800,0.05242,0.1042,standard
SeasonalForestSpring,002257_lcam_front_lidar.ply,0.10002,799,0.15673,0.05838,0.15001,500,0.18501,0.07264,0.25,200,0.00742,0.33498,0.2,800,0.05195,0.10333,0.2,800,0.05185,0.1024,standard
SeasonalForestSpring,002258_lcam_front_lidar.ply,0.10002,799,0.18309,0.05772,0.15001,500,0.21718,0.07151,0.25,200,0.00672,0.23812,0.2,800,0.05635,0.10279,0.2,800,0.05611,0.10343,standard
SeasonalForestSpring,002259_lcam_front_lidar.ply,0.10002,799,0.16364,0.0708,0.15001,500,0.17518,0.07911,0.25,200,0.00154,0.14623,0.2,800,0.05525,0.12089,0.2,800,0.05507,0.1219,standard
SeasonalForestSpring,002260_lcam_front_lidar.ply,0.10002,799,0.1649,0.07057,0.15001,500,0.18641,0.08321,0.25,200,0.01272,0.27958,0.2,800,0.05857,0.12943,0.2,800,0.05852,0.12901,standard
SeasonalForestSpring,002261_lcam_front_lidar.ply,0.10002,799,0.15854,0.06173,0.15001,500,0.18188,0.0823,0.25,200,0.01186,0.26283,0.2,800,0.06258,0.13344,0.2,800,0.06263,0.13356,standard
SeasonalForestSpring,002262_lcam_front_lidar.ply,0.10002,799,0.12748,0.06116,0.15001,500,0.17285,0.10075,0.25,200,0.01973,0.28119,0.2,800,0.0634,0.13584,0.2,800,0.06342,0.13676,standard
SeasonalForestSpring,002263_lcam_front_lidar.ply,0.10002,799,0.12568,0.06128,0.15001,500,0.1693,0.09504,0.25,200,0.00168,0.0072,0.2,800,0.06641,0.14274,0.2,800,0.06693,0.14854,standard
SeasonalForestSpring,002264_lcam_front_lidar.ply,0.10002,799,0.01411,0.15173,0.15001,500,0.01638,0.1347,0.25,200,0.03062,0.25361,0.2,800,0.06918,0.15784,0.2,800,0.06944,0.15688,rl_v2_reward
SeasonalForestSpring,002265_lcam_front_lidar.ply,0.10002,799,0.1257,0.07344,0.15001,500,0.01787,0.13725,0.25,200,0.00166,0.45241,0.2,800,0.06936,0.15734,0.2,800,0.07196,0.16501,strict
SeasonalForestSpring,002266_lcam_front_lidar.ply,0.10002,799,0.12606,0.10293,0.15001,500,0.0317,0.18142,0.25,200,0.0016,0.28348,0.2,800,0.07342,0.17786,0.2,800,0.07428,0.18008,strict
SeasonalForestSpring,002267_lcam_front_lidar.ply,0.10002,799,0.10652,0.10187,0.15001,500,0.03839,0.16718,0.25,200,0.04949,0.22042,0.2,800,0.07711,0.18077,0.2,800,0.07245,0.17269,strict
SeasonalForestSpring,002268_lcam_front_lidar.ply,0.10002,799,0.02237,0.0682,0.15001,500,0.0257,0.0774,0.25,200,0.0424,0.21502,0.2,800,0.08253,0.16861,0.2,800,0.10278,0.20409,rl_v2_reward
SeasonalForestSpring,002269_lcam_front_lidar.ply,0.10002,799,0.02255,0.04434,0.15001,500,0.02173,0.09282,0.25,200,0.00753,0.25364,0.2,800,0.0727,0.14543,0.2,800,0.09949,0.19996,rl_v2_reward
SeasonalForestSpring,002270_lcam_front_lidar.ply,0.10002,799,0.02771,0.04218,0.15001,500,0.00156,0.18156,0.25,200,0.00129,0.11236,0.2,800,0.1068,0.19992,0.2,800,0.0895,0.17189,rl
SeasonalForestSpring,002271_lcam_front_lidar.ply,0.10002,799,0.18972,0.09826,0.15001,500,0.02412,0.0991,0.25,200,0.00314,0.11042,0.2,800,0.07746,0.14467,0.2,800,0.10289,0.16726,strict
SeasonalForestSpring,002272_lcam_front_lidar.ply,0.10002,799,0.16652,0.09997,0.15001,500,0.01623,0.06266,0.25,200,0.00375,0.38944,0.2,800,0.08787,0.18314,0.2,800,0.08804,0.16813,strict
SeasonalForestSpring,002273_lcam_front_lidar.ply,0.10002,799,0.19546,0.0966,0.15001,500,0.00291,0.1908,0.25,200,0.00381,0.2033,0.2,800,0.09875,0.14014,0.2,800,0.09832,0.14521,strict
SeasonalForestSpring,002274_lcam_front_lidar.ply,0.10002,799,0.15419,0.09414,0.15001,500,0.00981,0.17418,0.25,200,0.2759,0.18649,0.2,800,0.09554,0.17796,0.2,800,0.09313,0.17248,loose
SeasonalForestSpring,002275_lcam_front_lidar.ply,0.10002,799,0.02459,0.06086,0.15001,500,0.23502,0.15,0.25,200,0.25934,0.17502,0.2,800,0.09957,0.18706,0.2,800,0.09565,0.17443,loose
SeasonalForestSpring,002276_lcam_front_lidar.ply,0.10002,799,0.02534,0.07585,0.15001,500,0.24354,0.15442,0.25,200,0.00961,0.06596,0.2,800,0.09853,0.16939,0.2,800,0.10539,0.19443,standard
SeasonalForestSpring,002277_lcam_front_lidar.ply,0.10002,799,0.01717,0.04207,0.15001,500,0.23315,0.14681,0.25,200,0.08478,0.18291,0.2,800,0.1028,0.17313,0.2,800,0.09961,0.16005,standard
SeasonalForestSpring,002278_lcam_front_lidar.ply,0.10002,799,0.02399,0.04127,0.15001,500,0.2151,0.14258,0.25,200,0.00251,0.33393,0.2,800,0.0913,0.14989,0.2,800,0.09052,0.14514,standard
SeasonalForestSpring,002279_lcam_front_lidar.ply,0.10002,799,0.02159,0.04527,0.15001,500,0.03184,0.14443,0.25,200,0.0388,0.10869,0.2,800,0.09476,0.14658,0.2,800,0.09151,0.13386,rl
SeasonalForestSpring,002280_lcam_front_lidar.ply,0.10002,799,0.02318,0.05199,0.15001,500,0.03709,0.16044,0.25,200,0.03282,0.11339,0.2,800,0.05273,0.12493,0.2,800,0.08714,0.15814,rl_v2_reward
SeasonalForestSpring,002281_lcam_front_lidar.ply,0.10002,799,0.05431,0.09471,0.15001,500,0.02244,0.11859,0.25,200,0.0146,0.09374,0.2,800,0.05001,0.1156,0.2,800,0.04866,0.11645,strict
SeasonalForestSpring,002282_lcam_front_lidar.ply,0.10002,799,0.02773,0.06259,0.15001,500,0.03985,0.16,0.25,200,0.00057,0.1118,0.2,800,0.04691,0.12527,0.2,800,0.03986,0.09379,rl
SeasonalForestSpring,002283_lcam_front_lidar.ply,0.10002,799,0.03478,0.09744,0.15001,500,0.03525,0.08513,0.25,200,0.00059,0.17426,0.2,800,0.06298,0.12867,0.2,800,0.04682,0.14436,rl
SeasonalForestSpring,002284_lcam_front_lidar.ply,0.10002,799,0.09496,0.08331,0.15001,500,0.02902,0.10424,0.25,200,0.00546,0.24408,0.2,800,0.05162,0.1372,0.2,800,0.10087,0.18207,rl_v2_reward
SeasonalForestSpring,002285_lcam_front_lidar.ply,0.10002,799,0.0639,0.07071,0.15001,500,0.0799,0.09916,0.25,200,0.00279,0.39466,0.15,800,0.04412,0.12155,0.2,800,0.06802,0.17403,standard
SeasonalForestSpring,002286_lcam_front_lidar.ply,0.10002,799,0.09221,0.07777,0.15001,500,0.11008,0.09213,0.25,200,0.00387,0.35097,0.2,800,0.09866,0.16828,0.2,800,0.10905,0.1922,standard
SeasonalForestSpring,002287_lcam_front_lidar.ply,0.10002,799,0.06192,0.08224,0.15001,500,0.0724,0.10053,0.25,200,0.0062,0.18422,0.15,800,0.088,0.15471,0.2,800,0.12308,0.21331,rl_v2_reward
SeasonalForestSpring,002288_lcam_front_lidar.ply,0.10002,799,0.04842,0.06904,0.15001,500,0.05761,0.08646,0.25,200,0.01197,0.33602,0.2,800,0.14219,0.20896,0.2,800,0.14037,0.20447,rl
SeasonalForestSpring,002289_lcam_front_lidar.ply,0.10002,799,0.02938,0.08777,0.15001,500,0.0009,0.13245,0.25,200,0.0167,0.28155,0.15,800,0.10327,0.13223,0.2,800,0.14397,0.20416,rl_v2_reward
SeasonalForestSpring,002290_lcam_front_lidar.ply,0.10002,799,0.03714,0.08315,0.15001,500,0.02167,0.10865,0.25,200,0.01721,0.2881,0.2,800,0.13978,0.19718,0.2,800,0.15036,0.20468,rl_v2_reward
SeasonalForestSpring,002291_lcam_front_lidar.ply,0.10002,799,0.04221,0.04637,0.15001,500,0.01027,0.16208,0.25,200,0.01879,0.28165,0.15,800,0.11594,0.14716,0.2,800,0.13391,0.20388,rl_v2_reward
SeasonalForestSpring,002292_lcam_front_lidar.ply,0.10002,799,0.06077,0.05013,0.15001,500,0.03176,0.08041,0.25,200,0.00164,0.22658,0.15,800,0.10566,0.13038,0.2,800,0.14552,0.20143,rl_v2_reward
SeasonalForestSpring,002293_lcam_front_lidar.ply,0.10002,799,0.07109,0.04302,0.15001,500,0.03186,0.09997,0.25,200,0.01705,0.27686,0.15,800,0.11121,0.14342,0.2,800,0.14991,0.19929,rl_v2_reward
SeasonalForestSpring,002294_lcam_front_lidar.ply,0.10002,799,0.07904,0.0423,0.15001,500,0.02421,0.15826,0.25,200,0.02217,0.143,0.15,800,0.11405,0.1321,0.2,800,0.15581,0.21291,rl_v2_reward
SeasonalForestSpring,002295_lcam_front_lidar.ply,0.10002,799,0.08961,0.0483,0.15001,500,0.02171,0.15959,0.25,200,0.00629,0.22785,0.15,800,0.1063,0.13179,0.2,800,0.02639,0.06413,rl
SeasonalForestSpring,002296_lcam_front_lidar.ply,0.10002,799,0.05584,0.04175,0.15001,500,0.02157,0.09304,0.25,200,0.02152,0.24125,0.15,800,0.09926,0.13178,0.2,800,0.15095,0.20729,rl_v2_reward
SeasonalForestSpring,002297_lcam_front_lidar.ply,0.10002,799,0.0461,0.03858,0.15001,500,0.02687,0.15671,0.25,200,0.00794,0.28715,0.15,800,0.1045,0.13056,0.2,800,0.1381,0.18808,rl_v2_reward
SeasonalForestSpring,002298_lcam_front_lidar.ply,0.10002,799,0.04338,0.04123,0.15001,500,0.03933,0.18203,0.25,200,0.00692,0.25368,0.15,800,0.10633,0.12698,0.2,800,0.13481,0.17525,rl_v2_reward
SeasonalForestSpring,002299_lcam_front_lidar.ply,0.10002,799,0.02886,0.04289,0.15001,500,0.0439,0.18005,0.25,200,0.00896,0.32364,0.15,800,0.10845,0.15236,0.2,800,0.13014,0.19843,rl_v2_reward
SeasonalForestSpring,002300_lcam_front_lidar.ply,0.10002,799,0.02943,0.04194,0.15001,500,0.04683,0.16681,0.25,200,0.02066,0.18497,0.15,800,0.10895,0.15116,0.2,800,0.13044,0.19604,rl_v2_reward
SeasonalForestSpring,002301_lcam_front_lidar.ply,0.10002,799,0.02794,0.04304,0.15001,500,0.04481,0.17936,0.25,200,0.00263,0.33723,0.15,800,0.09469,0.13448,0.2,800,0.13569,0.22923,rl_v2_reward
SeasonalForestSpring,002302_lcam_front_lidar.ply,0.10002,799,0.02647,0.05984,0.15001,500,0.01568,0.11596,0.25,200,0.01114,0.15264,0.15,800,0.10442,0.16434,0.2,800,0.04655,0.16325,rl
SeasonalForestSpring,002303_lcam_front_lidar.ply,0.10002,799,0.02551,0.09239,0.15001,500,0.04507,0.12971,0.25,200,0.01919,0.28435,0.15,800,0.10558,0.15333,0.2,800,0.12886,0.20958,rl_v2_reward
SeasonalForestSpring,002304_lcam_front_lidar.ply,0.10002,799,0.02655,0.08011,0.15001,500,0.01634,0.09244,0.25,200,0.01478,0.3028,0.15,800,0.10236,0.16178,0.2,800,0.12429,0.2039,rl_v2_reward
SeasonalForestSpring,002305_lcam_front_lidar.ply,0.10002,799,0.02574,0.09604,0.15001,500,0.05783,0.16987,0.25,200,0.00399,0.29244,0.15,800,0.10497,0.15083,0.2,800,0.12683,0.20412,rl_v2_reward
SeasonalForestSpring,002306_lcam_front_lidar.ply,0.10002,799,0.04185,0.08148,0.15001,500,0.05314,0.11957,0.25,200,0.01706,0.25109,0.15,800,0.09631,0.14754,0.2,800,0.13175,0.22127,rl_v2_reward
SeasonalForestSpring,002307_lcam_front_lidar.ply,0.10002,799,0.04245,0.0791,0.15001,500,0.06301,0.10642,0.25,200,0.00776,0.15693,0.15,800,0.09342,0.15372,0.2,800,0.12723,0.20463,rl_v2_reward
SeasonalForestSpring,002308_lcam_front_lidar.ply,0.10002,799,0.03839,0.08345,0.15001,500,0.05607,0.1053,0.25,200,0.00833,0.2427,0.15,800,0.09619,0.13601,0.2,800,0.04956,0.17484,rl
SeasonalForestSpring,002309_lcam_front_lidar.ply,0.10002,799,0.04355,0.08964,0.15001,500,0.06157,0.1208,0.25,200,0.00451,0.16589,0.15,800,0.0787,0.12711,0.2,800,0.04239,0.15989,rl
SeasonalForestSpring,002310_lcam_front_lidar.ply,0.10002,799,0.03462,0.08927,0.15001,500,0.015,0.07883,0.25,200,0.05891,0.23033,0.15,800,0.09321,0.1507,0.2,800,0.13031,0.21056,rl_v2_reward
SeasonalForestSpring,002311_lcam_front_lidar.ply,0.10002,799,0.02803,0.08752,0.15001,500,0.03594,0.11987,0.25,200,0.01382,0.28409,0.15,800,0.10092,0.15079,0.2,800,0.0349,0.1157,rl
SeasonalForestSpring,002312_lcam_front_lidar.ply,0.10002,799,0.0863,0.10713,0.15001,500,0.03079,0.10776,0.25,200,0.01707,0.2494,0.15,800,0.09827,0.14378,0.2,800,0.02806,0.08198,rl
SeasonalForestSpring,002313_lcam_front_lidar.ply,0.10002,799,0.12598,0.11661,0.15001,500,0.03564,0.11818,0.25,200,0.04631,0.22195,0.15,800,0.09462,0.14777,0.2,800,0.03772,0.13273,strict
SeasonalForestSpring,002314_lcam_front_lidar.ply,0.10002,799,0.13512,0.10958,0.15001,500,0.04199,0.12795,0.25,200,0.04117,0.2011,0.15,800,0.09303,0.14538,0.2,800,0.02627,0.09742,strict
SeasonalForestSpring,002315_lcam_front_lidar.ply,0.10002,799,0.01784,0.05225,0.15001,500,0.04044,0.13014,0.25,200,0.0217,0.27242,0.15,800,0.09187,0.15146,0.2,800,0.04466,0.15358,rl
SeasonalForestSpring,002316_lcam_front_lidar.ply,0.10002,799,0.14329,0.12519,0.15001,500,0.01188,0.04599,0.25,200,0.00238,0.20348,0.15,800,0.08977,0.15358,0.2,800,0.13016,0.21422,strict
SeasonalForestSpring,002317_lcam_front_lidar.ply,0.10002,799,0.11081,0.1339,0.15001,500,0.03921,0.09559,0.25,200,0.05811,0.22455,0.15,800,0.08711,0.15808,0.2,800,0.12607,0.23504,rl_v2_reward
SeasonalForestSpring,002318_lcam_front_lidar.ply,0.10002,799,0.0224,0.07652,0.15001,500,0.00165,0.00045,0.25,200,0.06073,0.21332,0.15,800,0.09786,0.17347,0.2,800,0.12499,0.21977,rl_v2_reward
SeasonalForestSpring,002319_lcam_front_lidar.ply,0.10002,799,0.1415,0.1259,0.15001,500,0.04489,0.10235,0.25,200,0.00492,0.1381,0.15,800,0.08776,0.16859,0.2,800,0.0594,0.19222,strict
SeasonalForestSpring,002320_lcam_front_lidar.ply,0.10002,799,0.0331,0.0826,0.15001,500,0.04205,0.09419,0.25,200,0.01366,0.15293,0.15,800,0.06947,0.13247,0.2,800,0.12955,0.22908,rl_v2_reward
SeasonalForestSpring,002321_lcam_front_lidar.ply,0.10002,799,0.02415,0.04143,0.15001,500,0.00272,0.11296,0.25,200,0.04246,0.15589,0.15,800,0.06795,0.14104,0.2,800,0.11932,0.22724,rl_v2_reward
SeasonalForestSpring,002322_lcam_front_lidar.ply,0.10002,799,0.1474,0.13008,0.15001,500,0.04876,0.09687,0.25,200,0.05731,0.21633,0.15,800,0.06864,0.14447,0.2,800,0.05698,0.17599,strict
SeasonalForestSpring,002323_lcam_front_lidar.ply,0.10002,799,0.02766,0.05493,0.15001,500,0.0435,0.10291,0.25,200,0.02088,0.16561,0.15,800,0.06984,0.14108,0.2,800,0.07121,0.18976,rl_v2_reward
SeasonalForestSpring,002324_lcam_front_lidar.ply,0.10002,799,0.03325,0.06924,0.15001,500,0.03293,0.08554,0.25,200,0.0542,0.1993,0.15,800,0.07754,0.1375,0.2,800,0.055,0.17124,rl
SeasonalForestSpring,002325_lcam_front_lidar.ply,0.10002,799,0.04614,0.06769,0.15001,500,0.06106,0.13937,0.25,200,0.05167,0.20233,0.15,800,0.08049,0.12659,0.2,800,0.10444,0.18974,rl_v2_reward
SeasonalForestSpring,002326_lcam_front_lidar.ply,0.10002,799,0.05781,0.07077,0.15001,500,0.02572,0.09301,0.25,200,0.06189,0.23454,0.15,800,0.08114,0.13911,0.2,800,0.09264,0.1777,rl_v2_reward
SeasonalForestSpring,002327_lcam_front_lidar.ply,0.10002,799,0.06467,0.07313,0.15001,500,0.05681,0.11004,0.25,200,0.04631,0.20438,0.15,800,0.08376,0.12948,0.2,800,0.10109,0.17405,rl_v2_reward
SeasonalForestSpring,002328_lcam_front_lidar.ply,0.10002,799,0.06727,0.06443,0.15001,500,0.08099,0.12577,0.25,200,0.05571,0.22244,0.15,800,0.10823,0.13046,0.2,800,0.12377,0.17329,rl_v2_reward
SeasonalForestSpring,002329_lcam_front_lidar.ply,0.10002,799,0.12383,0.09535,0.15001,500,0.00238,0.00106,0.25,200,0.00197,0.16142,0.15,800,0.10733,0.11815,0.2,800,0.12722,0.16552,rl_v2_reward
SeasonalForestSpring,002330_lcam_front_lidar.ply,0.10002,799,0.17514,0.11157,0.15001,500,0.02101,0.13796,0.25,200,0.00283,0.10814,0.15,800,0.11208,0.12228,0.2,800,0.13072,0.16837,strict
SeasonalForestSpring,002331_lcam_front_lidar.ply,0.10002,799,0.1234,0.08938,0.15001,500,0.02636,0.12415,0.25,200,0.02557,0.20095,0.15,800,0.11352,0.12162,0.2,800,0.13789,0.18521,rl_v2_reward
SeasonalForestSpring,002332_lcam_front_lidar.ply,0.10002,799,0.03518,0.07441,0.15001,500,0.22028,0.12198,0.25,200,0.01225,0.23252,0.15,800,0.1196,0.11367,0.2,800,0.13743,0.15767,standard
SeasonalForestSpring,002333_lcam_front_lidar.ply,0.10002,799,0.05569,0.08698,0.15001,500,0.03065,0.12514,0.25,200,0.01112,0.21344,0.15,800,0.12442,0.09716,0.2,800,0.13471,0.13011,rl_v2_reward
SeasonalForestSpring,002334_lcam_front_lidar.ply,0.10002,799,0.16342,0.08747,0.15001,500,0.01451,0.10809,0.25,200,0.01747,0.25135,0.15,800,0.13069,0.10704,0.2,800,0.14773,0.15543,strict
SeasonalForestSpring,002335_lcam_front_lidar.ply,0.10002,799,0.16432,0.08491,0.15001,500,0.02137,0.10199,0.25,200,0.03703,0.30461,0.15,800,0.13866,0.10851,0.2,800,0.14981,0.1351,strict
SeasonalForestSpring,002336_lcam_front_lidar.ply,0.10002,799,0.02515,0.10917,0.15001,500,0.06846,0.15961,0.25,200,0.04366,0.18472,0.15,800,0.13895,0.10358,0.2,800,0.15222,0.13964,rl_v2_reward
SeasonalForestSpring,002337_lcam_front_lidar.ply,0.10002,799,0.03123,0.09369,0.15001,500,0.02414,0.11962,0.25,200,0.01718,0.27161,0.15,800,0.14016,0.10381,0.2,800,0.14475,0.12066,rl_v2_reward
SeasonalForestSpring,002338_lcam_front_lidar.ply,0.10002,799,0.0573,0.10658,0.15001,500,0.01579,0.11085,0.25,200,0.00972,0.12904,0.15,800,0.13701,0.10026,0.2,800,0.15437,0.15059,rl_v2_reward
SeasonalForestSpring,002339_lcam_front_lidar.ply,0.10002,799,0.07118,0.10252,0.15001,500,0.21335,0.1472,0.25,200,0.00977,0.21331,0.15,800,0.13182,0.09868,0.2,800,0.14403,0.13499,standard
SeasonalForestSpring,002340_lcam_front_lidar.ply,0.10002,799,0.03291,0.08758,0.15001,500,0.01314,0.08799,0.25,200,0.00626,0.19412,0.15,800,0.12906,0.08964,0.2,800,0.1423,0.11527,rl_v2_reward
SeasonalForestSpring,002341_lcam_front_lidar.ply,0.10002,799,0.0913,0.07702,0.15001,500,0.08573,0.11766,0.25,200,0.0227,0.20336,0.15,800,0.11981,0.09141,0.2,800,0.13671,0.13368,rl_v2_reward
SeasonalForestSpring,002342_lcam_front_lidar.ply,0.10002,799,0.18598,0.10139,0.15001,500,0.06818,0.10431,0.25,200,0.06313,0.1776,0.15,800,0.1514,0.10354,0.2,800,0.15947,0.12469,strict
SeasonalForestSpring,002343_lcam_front_lidar.ply,0.10002,799,0.03612,0.07149,0.15001,500,0.02978,0.13042,0.25,200,0.01109,0.11076,0.15,800,0.11087,0.07814,0.2,800,0.15323,0.15535,rl_v2_reward
SeasonalForestSpring,002344_lcam_front_lidar.ply,0.10002,799,0.03956,0.09727,0.15001,500,0.0499,0.15016,0.25,200,0.00866,0.20607,0.15,800,0.11425,0.08063,0.2,800,0.14244,0.1424,rl_v2_reward
SeasonalForestSpring,002345_lcam_front_lidar.ply,0.10002,799,0.00299,0.07103,0.15001,500,0.04011,0.12937,0.25,200,0.03022,0.22614,0.15,800,0.10907,0.07641,0.2,800,0.14481,0.15479,rl_v2_reward
SeasonalForestSpring,002346_lcam_front_lidar.ply,0.10002,799,0.05514,0.10627,0.15001,500,0.04682,0.12,0.25,200,0.03661,0.22824,0.15,800,0.10516,0.08656,0.2,800,0.12326,0.15472,rl_v2_reward
SeasonalForestSpring,002347_lcam_front_lidar.ply,0.10002,799,0.03945,0.08431,0.15001,500,0.0417,0.10567,0.25,200,0.02295,0.24149,0.15,800,0.10771,0.09495,0.2,800,0.12024,0.14292,rl_v2_reward
SeasonalForestSpring,002348_lcam_front_lidar.ply,0.10002,799,0.04686,0.08293,0.15001,500,0.05294,0.11609,0.25,200,0.01375,0.29594,0.15,800,0.10232,0.08998,0.2,800,0.12618,0.15579,rl_v2_reward
SeasonalForestSpring,002349_lcam_front_lidar.ply,0.10002,799,0.02359,0.07822,0.15001,500,0.00286,0.09502,0.25,200,0.00633,0.1986,0.15,800,0.09627,0.06893,0.2,800,0.11355,0.13387,rl_v2_reward
SeasonalForestSpring,002350_lcam_front_lidar.ply,0.10002,799,0.00371,0.10962,0.15001,500,0.05677,0.1296,0.25,200,0.00775,0.18521,0.15,800,0.0798,0.06217,0.2,800,0.10941,0.14724,rl_v2_reward
SeasonalForestSpring,002351_lcam_front_lidar.ply,0.10002,799,0.14682,0.10949,0.15001,500,0.07756,0.12306,0.25,200,0.0303,0.23495,0.15,800,0.09312,0.11993,0.2,800,0.08997,0.10574,strict
SeasonalForestSpring,002352_lcam_front_lidar.ply,0.10002,799,0.0541,0.06428,0.15001,500,0.07248,0.12721,0.25,200,0.06629,0.27828,0.15,800,0.09177,0.07448,0.2,800,0.10801,0.13912,rl_v2_reward
SeasonalForestSpring,002353_lcam_front_lidar.ply,0.10002,799,0.12415,0.08641,0.15001,500,0.06806,0.17818,0.25,200,0.00552,0.24106,0.15,800,0.08129,0.07195,0.2,800,0.09159,0.1014,strict
SeasonalForestSpring,002354_lcam_front_lidar.ply,0.10002,799,0.04218,0.09482,0.15001,500,0.00163,0.00429,0.25,200,0.06277,0.24761,0.15,800,0.09834,0.06893,0.2,800,0.10544,0.09343,rl_v2_reward
SeasonalForestSpring,002355_lcam_front_lidar.ply,0.10002,799,0.06643,0.0846,0.15001,500,0.0218,0.12186,0.25,200,0.06277,0.26235,0.15,800,0.09265,0.0801,0.2,800,0.10672,0.12601,rl_v2_reward
SeasonalForestSpring,002356_lcam_front_lidar.ply,0.10002,799,0.05829,0.09129,0.15001,500,0.00128,0.16701,0.25,200,0.0846,0.16146,0.15,800,0.108,0.09517,0.2,800,0.1144,0.11779,rl_v2_reward
SeasonalForestSpring,002357_lcam_front_lidar.ply,0.10002,799,0.04831,0.10233,0.15001,500,0.00068,0.00047,0.25,200,0.02645,0.11899,0.2,800,0.11217,0.11506,0.2,800,0.11586,0.1242,rl_v2_reward
SeasonalForestSpring,002358_lcam_front_lidar.ply,0.10002,799,0.11357,0.08725,0.15001,500,0.02809,0.16577,0.25,200,0.00145,0.00707,0.2,800,0.10957,0.12635,0.2,800,0.10645,0.11937,strict
SeasonalForestSpring,002359_lcam_front_lidar.ply,0.10002,799,0.11731,0.08182,0.15001,500,0.01363,0.11693,0.25,200,0.05461,0.1528,0.2,800,0.11732,0.13894,0.2,800,0.10926,0.11461,rl
SeasonalForestSpring,002360_lcam_front_lidar.ply,0.10002,799,0.10621,0.08434,0.15001,500,0.19988,0.12781,0.25,200,0.02374,0.23424,0.2,800,0.10391,0.09241,0.2,800,0.10436,0.09217,standard
SeasonalForestSpring,002361_lcam_front_lidar.ply,0.10002,799,0.03652,0.07554,0.15001,500,0.02436,0.1544,0.25,200,0.0457,0.18197,0.2,800,0.11673,0.10704,0.2,800,0.11641,0.10668,rl
SeasonalForestSpring,002362_lcam_front_lidar.ply,0.10002,799,0.17658,0.10846,0.15001,500,0.02396,0.12497,0.25,200,0.01894,0.24503,0.2,800,0.11945,0.10744,0.2,800,0.11787,0.10237,strict
SeasonalForestSpring,002363_lcam_front_lidar.ply,0.10002,799,0.03791,0.08949,0.15001,500,0.01692,0.08086,0.25,200,0.02491,0.19103,0.2,800,0.12149,0.11394,0.2,800,0.11931,0.10694,rl
SeasonalForestSpring,002364_lcam_front_lidar.ply,0.10002,799,0.15652,0.09864,0.15001,500,0.03049,0.1225,0.25,200,0.04395,0.14952,0.2,800,0.13379,0.15177,0.2,800,0.11988,0.11313,strict
SeasonalForestSpring,002365_lcam_front_lidar.ply,0.10002,799,0.04358,0.07176,0.15001,500,0.02917,0.13978,0.25,200,0.03897,0.30322,0.2,800,0.1215,0.12385,0.2,800,0.12861,0.14787,rl_v2_reward
SeasonalForestSpring,002366_lcam_front_lidar.ply,0.10002,799,0.03439,0.0961,0.15001,500,0.01855,0.10648,0.25,200,0.03015,0.16569,0.2,800,0.12682,0.14436,0.2,800,0.12329,0.13719,rl
